Xe Z = 54 5p
E= 50 kev 
1.5196E-02	 1.0065E-02	 6.6926E-03	 3.5718E-03	 1.2072E-03	 4.3246E-04	 1.7853E-04	 8.1563E-05	 2.7333E-05	 -4.0000E-06	 -1.7970E-05	 -1.9147E-05	 4.8936E-07	 4.1523E-07	 -6.7687E-07	 -5.5816E-07	 -3.7482E-07	 -2.7345E-07	 -1.6068E-07	 -1.0572E-07	 -7.5850E-08	 -5.7932E-08	 -4.5830E-08	 -3.7166E-08	 -2.5836E-08	 -1.8982E-08	 -1.4531E-08	 -1.1479E-08	 -9.2974E-09	 
7.6453E-01	 5.1154E-01	 3.3507E-01	 1.7031E-01	 4.3635E-02	 2.5637E-03	 -8.3912E-03	 -9.1769E-03	 -6.5177E-03	 -3.8820E-03	 -2.1242E-03	 -1.0817E-03	 2.8549E-05	 1.5320E-05	 -5.5624E-06	 -5.3145E-06	 -3.4778E-06	 -2.4452E-06	 -1.4258E-06	 -9.3829E-07	 -6.7501E-07	 -5.1636E-07	 -4.0888E-07	 -3.3173E-07	 -2.3068E-07	 -1.6950E-07	 -1.2975E-07	 -1.0251E-07	 -8.3022E-08	 
1.3160E+00	 9.0768E-01	 6.1082E-01	 3.2752E-01	 9.7706E-02	 1.3852E-02	 -1.2933E-02	 -1.7554E-02	 -1.3661E-02	 -8.5522E-03	 -4.8345E-03	 -2.5217E-03	 6.7079E-05	 3.9276E-05	 -1.2585E-05	 -1.2340E-05	 -7.9826E-06	 -5.5881E-06	 -3.2353E-06	 -2.1260E-06	 -1.5268E-06	 -1.1680E-06	 -9.2506E-07	 -7.5062E-07	 -5.2198E-07	 -3.8354E-07	 -2.9361E-07	 -2.3195E-07	 -1.8786E-07	 
1.4835E+00	 1.0444E+00	 7.1835E-01	 4.0209E-01	 1.3538E-01	 2.9985E-02	 -8.3704E-03	 -1.8327E-02	 -1.6285E-02	 -1.1017E-02	 -6.6485E-03	 -3.6886E-03	 9.8174E-05	 7.1861E-05	 -2.1473E-05	 -2.1708E-05	 -1.3902E-05	 -9.6223E-06	 -5.5736E-06	 -3.6436E-06	 -2.6111E-06	 -1.9972E-06	 -1.5818E-06	 -1.2835E-06	 -8.9265E-07	 -6.5589E-07	 -5.0209E-07	 -3.9665E-07	 -3.2124E-07	 
1.5670E+00	 1.1192E+00	 7.8334E-01	 4.5293E-01	 1.6575E-01	 4.6505E-02	 1.3800E-04	 -1.4094E-02	 -1.4694E-02	 -1.0868E-02	 -7.2414E-03	 -4.4924E-03	 1.0869E-04	 1.3813E-04	 -2.9770E-05	 -3.4507E-05	 -2.1830E-05	 -1.5063E-05	 -8.5802E-06	 -5.5312E-06	 -3.9477E-06	 -3.0192E-06	 -2.3917E-06	 -1.9409E-06	 -1.3499E-06	 -9.9191E-07	 -7.5929E-07	 -5.9983E-07	 -4.8580E-07	 
2.6871E+00	 1.9352E+00	 1.3734E+00	 8.1619E-01	 3.2182E-01	 1.0730E-01	 1.6611E-02	 -1.5544E-02	 -2.0865E-02	 -1.4395E-02	 -7.4416E-03	 -2.7227E-03	 1.4452E-03	 6.2734E-04	 7.8699E-05	 -7.2594E-05	 -6.8945E-05	 -4.6500E-05	 -1.9280E-05	 -8.0960E-06	 -5.0531E-06	 -3.5243E-06	 -2.9327E-06	 -2.3840E-06	 -1.6965E-06	 -1.2489E-06	 -9.5456E-07	 -7.5376E-07	 -6.1047E-07	 
E= 100 kev 
1.3512E-02	 7.8347E-03	 5.2504E-03	 3.0020E-03	 9.8613E-04	 3.5323E-04	 1.4124E-04	 6.9885E-05	 2.1575E-05	 -4.0684E-06	 -1.5325E-05	 -1.6128E-05	 3.6285E-07	 3.3152E-07	 -6.3567E-07	 -5.3484E-07	 -3.4311E-07	 -2.2885E-07	 -1.3056E-07	 -8.6561E-08	 -6.1923E-08	 -4.6691E-08	 -3.6696E-08	 -2.9779E-08	 -2.0737E-08	 -1.5246E-08	 -1.1673E-08	 -9.2224E-09	 -7.4693E-09	 
6.8239E-01	 3.9871E-01	 2.6277E-01	 1.4301E-01	 3.5466E-02	 2.0338E-03	 -7.1216E-03	 -7.2260E-03	 -5.4701E-03	 -3.2259E-03	 -1.7730E-03	 -9.0697E-04	 2.1794E-05	 1.2475E-05	 -5.3552E-06	 -5.1140E-06	 -3.1930E-06	 -2.0771E-06	 -1.1645E-06	 -7.7305E-07	 -5.5251E-07	 -4.1730E-07	 -3.2821E-07	 -2.6642E-07	 -1.8559E-07	 -1.3646E-07	 -1.0448E-07	 -8.2550E-08	 -6.6857E-08	 
1.1724E+00	 7.1116E-01	 4.8130E-01	 2.7376E-01	 7.9439E-02	 1.1224E-02	 -1.1050E-02	 -1.3811E-02	 -1.1457E-02	 -7.1009E-03	 -4.0298E-03	 -2.1093E-03	 5.2535E-05	 3.2421E-05	 -1.1998E-05	 -1.1835E-05	 -7.3445E-06	 -4.7286E-06	 -2.6255E-06	 -1.7418E-06	 -1.2411E-06	 -9.3672E-07	 -7.3646E-07	 -5.9789E-07	 -4.1657E-07	 -3.0631E-07	 -2.3454E-07	 -1.8530E-07	 -1.5008E-07	 
1.3224E+00	 8.2300E-01	 5.6875E-01	 3.3522E-01	 1.0994E-01	 2.4381E-02	 -7.4863E-03	 -1.4353E-02	 -1.3670E-02	 -9.1569E-03	 -5.5406E-03	 -3.0822E-03	 7.7043E-05	 5.9321E-05	 -2.0560E-05	 -2.0985E-05	 -1.3022E-05	 -8.3062E-06	 -4.5562E-06	 -3.0150E-06	 -2.1398E-06	 -1.6122E-06	 -1.2664E-06	 -1.0283E-06	 -7.1660E-07	 -5.2697E-07	 -4.0350E-07	 -3.1879E-07	 -2.5818E-07	 
1.3849E+00	 8.8022E-01	 6.2033E-01	 3.7724E-01	 1.3552E-01	 3.8493E-02	 -1.1591E-04	 -1.0552E-02	 -1.2197E-02	 -8.9563E-03	 -5.9847E-03	 -3.7157E-03	 1.0012E-04	 1.2247E-04	 -2.4526E-05	 -3.1275E-05	 -1.9707E-05	 -1.2490E-05	 -6.6521E-06	 -4.3478E-06	 -3.0727E-06	 -2.3093E-06	 -1.8134E-06	 -1.4724E-06	 -1.0264E-06	 -7.5487E-07	 -5.7803E-07	 -4.5668E-07	 -3.6986E-07	 
2.3472E+00	 1.5160E+00	 1.0860E+00	 6.7712E-01	 2.6279E-01	 8.8420E-02	 1.3273E-02	 -1.1457E-02	 -1.7442E-02	 -1.1969E-02	 -6.2293E-03	 -2.3313E-03	 1.1831E-03	 5.0963E-04	 5.7240E-05	 -6.7376E-05	 -6.3789E-05	 -4.1478E-05	 -1.7104E-05	 -7.8272E-06	 -4.3075E-06	 -3.0251E-06	 -2.3999E-06	 -1.9507E-06	 -1.3414E-06	 -9.9841E-07	 -7.7201E-07	 -6.0993E-07	 -4.9401E-07	 
E= 150 kev 
1.2785E-02	 7.5897E-03	 5.3494E-03	 2.6867E-03	 9.7553E-04	 3.5465E-04	 1.4601E-04	 7.1459E-05	 2.5361E-05	 -7.7770E-07	 -1.2475E-05	 -1.3721E-05	 9.7400E-07	 6.3545E-07	 -4.6733E-07	 -4.5746E-07	 -3.0263E-07	 -1.9715E-07	 -1.0189E-07	 -6.7772E-08	 -4.8624E-08	 -3.6344E-08	 -2.8630E-08	 -2.3061E-08	 -1.6049E-08	 -1.1814E-08	 -9.0477E-09	 -7.1481E-09	 -5.7897E-09	 
6.6376E-01	 3.9262E-01	 2.6900E-01	 1.3026E-01	 3.2603E-02	 1.7818E-03	 -6.7754E-03	 -7.1813E-03	 -5.0687E-03	 -3.0425E-03	 -1.6657E-03	 -8.5107E-04	 1.9263E-05	 1.1728E-05	 -5.4734E-06	 -5.2724E-06	 -3.3273E-06	 -2.1030E-06	 -1.0796E-06	 -7.2395E-07	 -5.2169E-07	 -3.9035E-07	 -3.0621E-07	 -2.4736E-07	 -1.7224E-07	 -1.2682E-07	 -9.7131E-08	 -7.6735E-08	 -6.2151E-08	 
1.1405E+00	 6.6945E-01	 4.8481E-01	 2.4590E-01	 7.3632E-02	 1.0307E-02	 -1.0564E-02	 -1.3745E-02	 -1.0621E-02	 -6.6922E-03	 -3.7836E-03	 -1.9785E-03	 4.7888E-05	 3.0866E-05	 -1.2113E-05	 -1.2117E-05	 -7.6246E-06	 -4.7952E-06	 -2.4210E-06	 -1.6190E-06	 -1.1657E-06	 -8.7096E-07	 -6.8437E-07	 -5.5165E-07	 -3.8419E-07	 -2.8292E-07	 -2.1669E-07	 -1.7119E-07	 -1.3865E-07	 
1.2853E+00	 7.7993E-01	 5.7201E-01	 3.0152E-01	 1.0273E-01	 2.2602E-02	 -7.2993E-03	 -1.4412E-02	 -1.2671E-02	 -8.6236E-03	 -5.2028E-03	 -2.8911E-03	 7.0343E-05	 5.6387E-05	 -2.0683E-05	 -2.1481E-05	 -1.3571E-05	 -8.5035E-06	 -4.2018E-06	 -2.7981E-06	 -2.0108E-06	 -1.4973E-06	 -1.1779E-06	 -9.4773E-07	 -6.6018E-07	 -4.8627E-07	 -3.7246E-07	 -2.9425E-07	 -2.3832E-07	 
1.3438E+00	 8.2706E-01	 6.1779E-01	 3.3910E-01	 1.2672E-01	 3.5721E-02	 -4.9283E-04	 -1.0938E-02	 -1.1329E-02	 -8.4514E-03	 -5.6302E-03	 -3.4933E-03	 8.8072E-05	 1.1428E-04	 -2.5872E-05	 -3.2538E-05	 -2.0876E-05	 -1.3076E-05	 -6.2643E-06	 -4.1156E-06	 -2.9467E-06	 -2.1858E-06	 -1.7190E-06	 -1.3837E-06	 -9.6418E-07	 -7.1036E-07	 -5.4414E-07	 -4.2988E-07	 -3.4818E-07	 
2.2910E+00	 1.4792E+00	 1.0867E+00	 6.2284E-01	 2.4436E-01	 8.2167E-02	 1.1857E-02	 -1.2330E-02	 -1.6244E-02	 -1.1303E-02	 -5.8655E-03	 -2.1893E-03	 1.0936E-03	 4.7469E-04	 4.8852E-05	 -6.8186E-05	 -6.3175E-05	 -4.1143E-05	 -1.5896E-05	 -7.2880E-06	 -4.2868E-06	 -2.9373E-06	 -2.3046E-06	 -1.7878E-06	 -1.2501E-06	 -9.3525E-07	 -7.1347E-07	 -5.6647E-07	 -4.5855E-07	 
E= 200 kev 
1.3138E-02	 6.7177E-03	 4.9090E-03	 2.7761E-03	 8.6852E-04	 3.0571E-04	 1.2286E-04	 5.5701E-05	 1.6941E-05	 -5.4820E-06	 -1.5271E-05	 -1.5772E-05	 2.0993E-08	 1.4270E-07	 -7.3588E-07	 -6.2217E-07	 -4.0550E-07	 -2.5952E-07	 -1.2603E-07	 -8.3019E-08	 -6.0304E-08	 -4.5418E-08	 -3.5363E-08	 -2.8368E-08	 -1.9695E-08	 -1.4496E-08	 -1.1113E-08	 -8.7805E-09	 -7.1117E-09	 
6.6854E-01	 3.4556E-01	 2.4708E-01	 1.3374E-01	 3.2762E-02	 1.4498E-03	 -6.6066E-03	 -7.0758E-03	 -4.9726E-03	 -2.9884E-03	 -1.6434E-03	 -8.5028E-04	 1.9278E-05	 1.1302E-05	 -5.6255E-06	 -5.4971E-06	 -3.5339E-06	 -2.2322E-06	 -1.0731E-06	 -7.0035E-07	 -5.1148E-07	 -3.8575E-07	 -3.0056E-07	 -2.4134E-07	 -1.6756E-07	 -1.2334E-07	 -9.4554E-08	 -7.4712E-08	 -6.0513E-08	 
1.1519E+00	 6.2279E-01	 4.5206E-01	 2.5580E-01	 7.2733E-02	 9.5899E-03	 -1.0208E-02	 -1.3527E-02	 -1.0418E-02	 -6.5696E-03	 -3.7266E-03	 -1.9688E-03	 4.8566E-05	 3.0619E-05	 -1.2057E-05	 -1.2403E-05	 -7.9820E-06	 -5.0175E-06	 -2.3691E-06	 -1.5350E-06	 -1.1206E-06	 -8.4471E-07	 -6.5741E-07	 -5.2753E-07	 -3.6628E-07	 -2.6968E-07	 -2.0675E-07	 -1.6337E-07	 -1.3232E-07	 
1.2961E+00	 7.2308E-01	 5.3262E-01	 3.1253E-01	 1.0007E-01	 2.1506E-02	 -6.8940E-03	 -1.4207E-02	 -1.2459E-02	 -8.4782E-03	 -5.1280E-03	 -2.8738E-03	 6.9907E-05	 5.4969E-05	 -2.1124E-05	 -2.2282E-05	 -1.4432E-05	 -9.0705E-06	 -4.1999E-06	 -2.6963E-06	 -1.9677E-06	 -1.4816E-06	 -1.1509E-06	 -9.2282E-07	 -6.4064E-07	 -4.7178E-07	 -3.6174E-07	 -2.8583E-07	 -2.3151E-07	 
1.3502E+00	 7.7360E-01	 5.7906E-01	 3.5091E-01	 1.2314E-01	 3.4369E-02	 -1.4327E-04	 -1.0787E-02	 -1.1144E-02	 -8.3182E-03	 -5.5521E-03	 -3.4675E-03	 8.7209E-05	 1.1175E-04	 -2.6486E-05	 -3.3687E-05	 -2.2180E-05	 -1.3974E-05	 -6.3071E-06	 -3.9659E-06	 -2.8855E-06	 -2.1733E-06	 -1.6836E-06	 -1.3497E-06	 -9.3665E-07	 -6.9002E-07	 -5.2914E-07	 -4.1812E-07	 -3.3865E-07	 
2.3005E+00	 1.3429E+00	 1.0170E+00	 6.3010E-01	 2.4112E-01	 7.9564E-02	 1.1921E-02	 -1.2147E-02	 -1.5905E-02	 -1.1183E-02	 -5.7940E-03	 -2.2186E-03	 1.0809E-03	 4.6514E-04	 4.5576E-05	 -6.9904E-05	 -6.5417E-05	 -4.2242E-05	 -1.6114E-05	 -7.0492E-06	 -4.2470E-06	 -2.9143E-06	 -2.3030E-06	 -1.7772E-06	 -1.1920E-06	 -9.0683E-07	 -6.8616E-07	 -5.5029E-07	 -4.4641E-07	 
E= 250 kev 
1.3495E-02	 7.7122E-03	 4.8524E-03	 2.6414E-03	 8.9252E-04	 3.1821E-04	 1.2788E-04	 5.9784E-05	 1.9198E-05	 -4.1908E-06	 -1.4634E-05	 -1.5161E-05	 3.0551E-07	 2.8461E-07	 -6.8383E-07	 -6.0962E-07	 -4.0832E-07	 -2.6290E-07	 -1.2306E-07	 -7.7403E-08	 -5.7086E-08	 -4.3287E-08	 -3.3501E-08	 -2.6778E-08	 -1.8503E-08	 -1.3630E-08	 -1.0443E-08	 -8.2567E-09	 -6.6876E-09	 
6.8384E-01	 3.9272E-01	 2.4205E-01	 1.2534E-01	 3.1730E-02	 1.3707E-03	 -6.7196E-03	 -7.1025E-03	 -5.0604E-03	 -3.0052E-03	 -1.6533E-03	 -8.4562E-04	 1.9721E-05	 1.1598E-05	 -5.7535E-06	 -5.7176E-06	 -3.7424E-06	 -2.3788E-06	 -1.1017E-06	 -6.9141E-07	 -5.1074E-07	 -3.8570E-07	 -2.9981E-07	 -2.3962E-07	 -1.6569E-07	 -1.2206E-07	 -9.3533E-08	 -7.3951E-08	 -5.9898E-08	 
1.1731E+00	 6.9697E-01	 4.4249E-01	 2.4423E-01	 7.1509E-02	 9.4871E-03	 -1.0520E-02	 -1.3627E-02	 -1.0608E-02	 -6.6148E-03	 -3.7407E-03	 -1.9665E-03	 4.7441E-05	 3.0029E-05	 -1.2999E-05	 -1.3276E-05	 -8.6803E-06	 -5.5036E-06	 -2.5139E-06	 -1.5641E-06	 -1.1525E-06	 -8.7356E-07	 -6.7616E-07	 -5.4072E-07	 -3.7382E-07	 -2.7544E-07	 -2.1107E-07	 -1.6689E-07	 -1.3518E-07	 
1.3169E+00	 8.0188E-01	 5.2357E-01	 2.9723E-01	 9.9756E-02	 2.1546E-02	 -7.2700E-03	 -1.4288E-02	 -1.2663E-02	 -8.5251E-03	 -5.1385E-03	 -2.8765E-03	 7.0729E-05	 5.5624E-05	 -2.1786E-05	 -2.3281E-05	 -1.5365E-05	 -9.7731E-06	 -4.3814E-06	 -2.6819E-06	 -1.9724E-06	 -1.4943E-06	 -1.1544E-06	 -9.2258E-07	 -6.3767E-07	 -4.7002E-07	 -3.6023E-07	 -2.8485E-07	 -2.3072E-07	 
1.3850E+00	 8.5904E-01	 5.7205E-01	 3.3557E-01	 1.2285E-01	 3.4217E-02	 -7.9573E-04	 -1.1022E-02	 -1.1441E-02	 -8.4098E-03	 -5.5863E-03	 -3.4928E-03	 8.0052E-05	 1.0853E-04	 -2.9765E-05	 -3.6554E-05	 -2.4441E-05	 -1.5607E-05	 -6.8474E-06	 -4.0794E-06	 -2.9944E-06	 -2.2667E-06	 -1.7480E-06	 -1.3936E-06	 -9.6221E-07	 -7.0955E-07	 -5.4393E-07	 -4.3014E-07	 -3.4840E-07	 
2.3534E+00	 1.4829E+00	 1.0022E+00	 6.0516E-01	 2.3925E-01	 7.9775E-02	 1.1717E-02	 -1.2122E-02	 -1.6181E-02	 -1.1154E-02	 -5.7720E-03	 -2.2048E-03	 1.0746E-03	 4.6660E-04	 4.3050E-05	 -7.3665E-05	 -6.7778E-05	 -4.3789E-05	 -1.6762E-05	 -7.1248E-06	 -4.2125E-06	 -3.0080E-06	 -2.3533E-06	 -1.7737E-06	 -1.2338E-06	 -8.9585E-07	 -6.8968E-07	 -5.5113E-07	 -4.4423E-07	 
E= 300 kev 
1.3849E-02	 8.9621E-03	 4.9211E-03	 2.6203E-03	 8.3330E-04	 3.2836E-04	 1.3272E-04	 6.0273E-05	 1.9425E-05	 -4.2184E-06	 -1.4738E-05	 -1.5536E-05	 3.2914E-07	 2.8733E-07	 -7.1280E-07	 -6.4162E-07	 -4.3612E-07	 -2.8342E-07	 -1.3016E-07	 -7.8453E-08	 -5.7227E-08	 -4.4001E-08	 -3.4318E-08	 -2.7284E-08	 -1.8695E-08	 -1.3764E-08	 -1.0536E-08	 -8.3399E-09	 -6.7579E-09	 
7.0335E-01	 4.5438E-01	 2.4532E-01	 1.2373E-01	 2.7911E-02	 1.5018E-03	 -6.4208E-03	 -7.2689E-03	 -5.0808E-03	 -3.0560E-03	 -1.6873E-03	 -8.6918E-04	 2.2810E-05	 1.1787E-05	 -5.9906E-06	 -6.0291E-06	 -3.9892E-06	 -2.5644E-06	 -1.1671E-06	 -7.0183E-07	 -5.1263E-07	 -3.9471E-07	 -3.0712E-07	 -2.4461E-07	 -1.6766E-07	 -1.2345E-07	 -9.4512E-08	 -7.4810E-08	 -6.0619E-08	 
1.2072E+00	 7.9726E-01	 4.4866E-01	 2.3918E-01	 6.5042E-02	 9.7432E-03	 -1.0103E-02	 -1.3924E-02	 -1.0674E-02	 -6.7206E-03	 -3.8313E-03	 -2.0165E-03	 5.4399E-05	 3.0930E-05	 -1.3353E-05	 -1.3885E-05	 -9.1877E-06	 -5.9033E-06	 -2.6570E-06	 -1.5785E-06	 -1.1517E-06	 -8.8760E-07	 -6.8841E-07	 -5.4873E-07	 -3.7581E-07	 -2.7673E-07	 -2.1188E-07	 -1.6773E-07	 -1.3591E-07	 
1.3590E+00	 9.1250E-01	 5.2974E-01	 2.9507E-01	 9.2681E-02	 2.2211E-02	 -6.7393E-03	 -1.4632E-02	 -1.2776E-02	 -8.6689E-03	 -5.2669E-03	 -2.9400E-03	 7.8699E-05	 5.6854E-05	 -2.2707E-05	 -2.4487E-05	 -1.6358E-05	 -1.0554E-05	 -4.6858E-06	 -2.7279E-06	 -1.9844E-06	 -1.5311E-06	 -1.1830E-06	 -9.4302E-07	 -6.4486E-07	 -4.7498E-07	 -3.6369E-07	 -2.8796E-07	 -2.3334E-07	 
1.4195E+00	 9.6728E-01	 5.7789E-01	 3.3428E-01	 1.1653E-01	 3.5594E-02	 2.7795E-04	 -1.1059E-02	 -1.1379E-02	 -8.4747E-03	 -5.6827E-03	 -3.5310E-03	 1.0114E-04	 1.1785E-04	 -2.7180E-05	 -3.6040E-05	 -2.4495E-05	 -1.5883E-05	 -6.9788E-06	 -3.9554E-06	 -2.8593E-06	 -2.1995E-06	 -1.7029E-06	 -1.3549E-06	 -9.2635E-07	 -6.8239E-07	 -5.2285E-07	 -4.1383E-07	 -3.3534E-07	 
2.4121E+00	 1.6631E+00	 1.0150E+00	 6.0343E-01	 2.2882E-01	 8.1830E-02	 1.3216E-02	 -1.2589E-02	 -1.6157E-02	 -1.1332E-02	 -5.9417E-03	 -2.2534E-03	 1.1021E-03	 4.7172E-04	 4.1784E-05	 -7.6480E-05	 -6.9928E-05	 -4.5717E-05	 -1.7574E-05	 -6.7587E-06	 -4.1446E-06	 -3.0417E-06	 -2.3712E-06	 -1.8443E-06	 -1.2546E-06	 -8.9508E-07	 -6.9189E-07	 -5.5044E-07	 -4.4820E-07	 
E= 350 kev 
1.3946E-02	 9.2647E-03	 4.8806E-03	 2.5044E-03	 9.6506E-04	 3.5932E-04	 1.4912E-04	 7.3416E-05	 2.5555E-05	 -1.3322E-06	 -1.3242E-05	 -1.4457E-05	 9.9445E-07	 6.5059E-07	 -5.4346E-07	 -5.5515E-07	 -3.8784E-07	 -2.5689E-07	 -1.1767E-07	 -6.8348E-08	 -4.9020E-08	 -3.7698E-08	 -2.9637E-08	 -2.3684E-08	 -1.6186E-08	 -1.1849E-08	 -9.0925E-09	 -7.1802E-09	 -5.8210E-09	 
7.2636E-01	 4.8051E-01	 2.4390E-01	 1.1436E-01	 3.1963E-02	 1.3775E-03	 -7.3916E-03	 -7.3069E-03	 -5.1858E-03	 -3.1239E-03	 -1.7290E-03	 -8.9118E-04	 2.0758E-05	 1.1964E-05	 -6.2888E-06	 -6.3668E-06	 -4.2422E-06	 -2.7577E-06	 -1.2573E-06	 -7.2758E-07	 -5.2340E-07	 -4.0320E-07	 -3.1689E-07	 -2.5321E-07	 -1.7283E-07	 -1.2635E-07	 -9.6952E-08	 -7.6558E-08	 -6.2081E-08	 
1.2461E+00	 8.4276E-01	 4.4786E-01	 2.2421E-01	 7.2864E-02	 9.7154E-03	 -1.1269E-02	 -1.3957E-02	 -1.0872E-02	 -6.8732E-03	 -3.9239E-03	 -2.0672E-03	 5.0988E-05	 3.1666E-05	 -1.3869E-05	 -1.4536E-05	 -9.6973E-06	 -6.3148E-06	 -2.8535E-06	 -1.6304E-06	 -1.1690E-06	 -9.0114E-07	 -7.0841E-07	 -5.6537E-07	 -3.8529E-07	 -2.8164E-07	 -2.1616E-07	 -1.7069E-07	 -1.3842E-07	 
1.4024E+00	 9.6372E-01	 5.2963E-01	 2.7942E-01	 1.0348E-01	 2.2178E-02	 -7.9510E-03	 -1.4615E-02	 -1.3010E-02	 -8.8664E-03	 -5.3933E-03	 -3.0154E-03	 7.4834E-05	 5.8028E-05	 -2.3584E-05	 -2.5625E-05	 -1.7254E-05	 -1.1296E-05	 -5.0546E-06	 -2.8243E-06	 -2.0122E-06	 -1.5529E-06	 -1.2211E-06	 -9.7270E-07	 -6.6114E-07	 -4.8310E-07	 -3.7092E-07	 -2.9290E-07	 -2.3755E-07	 
1.4641E+00	 1.0199E+00	 5.7845E-01	 3.1907E-01	 1.2846E-01	 3.5691E-02	 -8.5402E-04	 -1.0954E-02	 -1.1630E-02	 -8.6950E-03	 -5.8363E-03	 -3.6370E-03	 9.3600E-05	 1.1818E-04	 -2.9604E-05	 -3.8366E-05	 -2.6324E-05	 -1.7317E-05	 -7.6951E-06	 -4.1868E-06	 -2.9530E-06	 -2.2801E-06	 -1.7898E-06	 -1.4214E-06	 -9.6648E-07	 -7.0665E-07	 -5.4273E-07	 -4.2864E-07	 -3.4763E-07	 
2.4909E+00	 1.7549E+00	 1.0177E+00	 5.8027E-01	 2.4751E-01	 8.2804E-02	 1.2382E-02	 -1.2318E-02	 -1.6611E-02	 -1.1637E-02	 -6.1156E-03	 -2.3398E-03	 1.1229E-03	 4.8377E-04	 4.1489E-05	 -8.0115E-05	 -7.3600E-05	 -4.8171E-05	 -1.8653E-05	 -7.6240E-06	 -4.1932E-06	 -3.1005E-06	 -2.4630E-06	 -1.9017E-06	 -1.2680E-06	 -9.3609E-07	 -7.1330E-07	 -5.6633E-07	 -4.5909E-07	 
E= 400 kev 
1.4770E-02	 9.5619E-03	 5.3013E-03	 2.8614E-03	 9.3013E-04	 3.2254E-04	 1.2731E-04	 5.8717E-05	 1.7794E-05	 -6.0673E-06	 -1.6709E-05	 -1.6959E-05	 7.9331E-10	 1.3348E-07	 -8.6129E-07	 -7.6383E-07	 -5.2779E-07	 -3.5052E-07	 -1.5893E-07	 -8.9083E-08	 -6.2655E-08	 -4.8317E-08	 -3.8068E-08	 -3.0433E-08	 -2.0627E-08	 -1.5126E-08	 -1.1609E-08	 -9.1841E-09	 -7.4316E-09	 
7.5278E-01	 4.6909E-01	 2.6654E-01	 1.3727E-01	 3.3512E-02	 1.6383E-03	 -7.3528E-03	 -7.7544E-03	 -5.3940E-03	 -3.2055E-03	 -1.7825E-03	 -9.1280E-04	 2.0065E-05	 1.2253E-05	 -6.5486E-06	 -6.6707E-06	 -4.5189E-06	 -2.9708E-06	 -1.3496E-06	 -7.6030E-07	 -5.3483E-07	 -4.1242E-07	 -3.2508E-07	 -2.6001E-07	 -1.7634E-07	 -1.2935E-07	 -9.9270E-08	 -7.8531E-08	 -6.3560E-08	 
1.2962E+00	 8.5627E-01	 4.8736E-01	 2.6414E-01	 7.5870E-02	 1.0420E-02	 -1.1501E-02	 -1.4837E-02	 -1.1294E-02	 -7.0567E-03	 -4.0414E-03	 -2.1170E-03	 4.6804E-05	 3.3269E-05	 -1.4012E-05	 -1.4984E-05	 -1.0152E-05	 -6.6745E-06	 -3.0177E-06	 -1.6747E-06	 -1.1716E-06	 -9.0379E-07	 -7.1243E-07	 -5.6941E-07	 -3.8557E-07	 -2.8273E-07	 -2.1703E-07	 -1.7169E-07	 -1.3896E-07	 
1.4573E+00	 9.6636E-01	 5.7275E-01	 3.2411E-01	 1.0589E-01	 2.2947E-02	 -8.0749E-03	 -1.5616E-02	 -1.3516E-02	 -9.1140E-03	 -5.5583E-03	 -3.0937E-03	 6.9427E-05	 6.0321E-05	 -2.4456E-05	 -2.6823E-05	 -1.8292E-05	 -1.2102E-05	 -5.4478E-06	 -2.9615E-06	 -2.0536E-06	 -1.5846E-06	 -1.2494E-06	 -9.9781E-07	 -6.7363E-07	 -4.9375E-07	 -3.7909E-07	 -2.9996E-07	 -2.4276E-07	 
1.5162E+00	 1.0217E+00	 6.2157E-01	 3.6517E-01	 1.3115E-01	 3.6762E-02	 -8.3495E-04	 -1.1942E-02	 -1.2098E-02	 -8.9235E-03	 -6.0148E-03	 -3.7323E-03	 8.8509E-05	 1.2233E-04	 -3.0780E-05	 -4.0299E-05	 -2.7869E-05	 -1.8514E-05	 -8.3120E-06	 -4.4138E-06	 -3.0191E-06	 -2.3276E-06	 -1.8361E-06	 -1.4657E-06	 -9.8727E-07	 -7.2293E-07	 -5.5517E-07	 -4.3935E-07	 -3.5561E-07	 
2.5819E+00	 1.7964E+00	 1.0889E+00	 6.5789E-01	 2.5483E-01	 8.5461E-02	 1.1952E-02	 -1.3556E-02	 -1.7301E-02	 -1.1943E-02	 -6.3106E-03	 -2.3856E-03	 1.1440E-03	 4.9597E-04	 4.1104E-05	 -8.3536E-05	 -7.7099E-05	 -5.0826E-05	 -1.9596E-05	 -8.0760E-06	 -4.4329E-06	 -3.2030E-06	 -2.5097E-06	 -1.9517E-06	 -1.3040E-06	 -9.4989E-07	 -7.1997E-07	 -5.7399E-07	 -4.7492E-07	 
xx 
Cs Z = 55 5p
E= 50 kev 
1.2822E-01	 9.0507E-02	 6.1140E-02	 3.2827E-02	 9.8356E-03	 1.3137E-03	 -1.5236E-03	 -2.0609E-03	 -1.6612E-03	 -1.0684E-03	 -6.0606E-04	 -3.1291E-04	 4.1576E-06	 4.6717E-06	 -1.7921E-07	 -5.5213E-07	 -3.5324E-07	 -2.2033E-07	 -1.2820E-07	 -8.4134E-08	 -6.0748E-08	 -4.6590E-08	 -3.6989E-08	 -3.0049E-08	 -2.0918E-08	 -1.5376E-08	 -1.1771E-08	 -9.2989E-09	 -7.5310E-09	 
4.7373E-01	 3.4140E-01	 2.3530E-01	 1.3149E-01	 4.4498E-02	 9.3886E-03	 -3.5446E-03	 -6.9111E-03	 -6.1530E-03	 -4.1787E-03	 -2.4879E-03	 -1.3551E-03	 1.9029E-05	 2.6229E-05	 -2.2778E-06	 -4.3823E-06	 -2.8903E-06	 -1.9449E-06	 -1.1220E-06	 -7.2131E-07	 -5.1617E-07	 -3.9467E-07	 -3.1275E-07	 -2.5388E-07	 -1.7663E-07	 -1.2980E-07	 -9.9365E-08	 -7.8499E-08	 -6.3578E-08	 
6.3062E-01	 4.6523E-01	 3.2874E-01	 1.9241E-01	 7.2591E-02	 2.0305E-02	 -1.1129E-03	 -8.1898E-03	 -8.4950E-03	 -6.1942E-03	 -3.9164E-03	 -2.2543E-03	 2.6693E-05	 5.1945E-05	 -6.0159E-06	 -1.0126E-05	 -6.6670E-06	 -4.5412E-06	 -2.6301E-06	 -1.6811E-06	 -1.1990E-06	 -9.1606E-07	 -7.2566E-07	 -5.8894E-07	 -4.0970E-07	 -3.0107E-07	 -2.3048E-07	 -1.8208E-07	 -1.4746E-07	 
7.0721E-01	 5.3183E-01	 3.8441E-01	 2.3431E-01	 9.7114E-02	 3.3150E-02	 4.5977E-03	 -6.5477E-03	 -8.9849E-03	 -7.3025E-03	 -5.0232E-03	 -3.1192E-03	 2.2544E-05	 9.0336E-05	 -1.0572E-05	 -1.8239E-05	 -1.1932E-05	 -8.1300E-06	 -4.7013E-06	 -2.9842E-06	 -2.1216E-06	 -1.6203E-06	 -1.2834E-06	 -1.0416E-06	 -7.2462E-07	 -5.3248E-07	 -4.0762E-07	 -3.2202E-07	 -2.6080E-07	 
7.6571E-01	 5.8602E-01	 4.3283E-01	 2.7327E-01	 1.2135E-01	 4.6953E-02	 1.2366E-02	 -1.9761E-03	 -6.6023E-03	 -6.3396E-03	 -4.9980E-03	 -3.5587E-03	 -1.3707E-05	 1.6688E-04	 -1.0975E-05	 -2.9022E-05	 -1.8910E-05	 -1.2764E-05	 -7.2607E-06	 -4.5394E-06	 -3.2091E-06	 -2.4500E-06	 -1.9410E-06	 -1.5755E-06	 -1.0961E-06	 -8.0548E-07	 -6.1660E-07	 -4.8711E-07	 -3.9450E-07	 
8.2953E-01	 6.8661E-01	 5.5295E-01	 3.9630E-01	 2.1667E-01	 1.0848E-01	 4.6172E-02	 1.3728E-02	 -1.0790E-03	 -3.2872E-03	 -1.8470E-03	 -1.9042E-04	 1.3707E-03	 7.1728E-04	 1.2607E-04	 -6.2278E-05	 -6.9946E-05	 -4.9157E-05	 -2.0693E-05	 -8.7816E-06	 -4.7086E-06	 -3.3589E-06	 -2.6857E-06	 -2.2347E-06	 -1.6015E-06	 -1.1800E-06	 -9.0096E-07	 -7.1221E-07	 -5.7773E-07	 
E= 100 kev 
1.1447E-01	 7.1216E-02	 4.8277E-02	 2.7323E-02	 7.9571E-03	 1.0547E-03	 -1.2884E-03	 -1.6231E-03	 -1.3942E-03	 -8.8259E-04	 -5.0424E-04	 -2.6178E-04	 2.9678E-06	 3.8576E-06	 -2.2891E-07	 -5.3214E-07	 -3.2683E-07	 -1.9956E-07	 -1.0536E-07	 -6.9397E-08	 -4.9832E-08	 -3.7703E-08	 -2.9685E-08	 -2.4109E-08	 -1.6813E-08	 -1.2366E-08	 -9.4694E-09	 -7.4820E-09	 -6.0595E-09	 
4.2231E-01	 2.6967E-01	 1.8646E-01	 1.0915E-01	 3.5872E-02	 7.5999E-03	 -3.0934E-03	 -5.4154E-03	 -5.1639E-03	 -3.4571E-03	 -2.0738E-03	 -1.1336E-03	 1.3934E-05	 2.1873E-05	 -2.3412E-06	 -4.1881E-06	 -2.6894E-06	 -1.7055E-06	 -9.1225E-07	 -5.9743E-07	 -4.2524E-07	 -3.2043E-07	 -2.5174E-07	 -2.0434E-07	 -1.4242E-07	 -1.0475E-07	 -8.0213E-08	 -6.3376E-08	 -5.1328E-08	 
5.5997E-01	 3.6865E-01	 2.6125E-01	 1.5926E-01	 5.8672E-02	 1.6483E-02	 -1.2822E-03	 -6.3776E-03	 -7.1245E-03	 -5.1446E-03	 -3.2674E-03	 -1.8859E-03	 1.8535E-05	 4.3035E-05	 -6.1600E-06	 -9.8009E-06	 -6.3200E-06	 -4.0162E-06	 -2.1512E-06	 -1.4100E-06	 -1.0006E-06	 -7.5215E-07	 -5.9027E-07	 -4.7909E-07	 -3.3394E-07	 -2.4561E-07	 -1.8807E-07	 -1.4860E-07	 -1.2035E-07	 
6.2938E-01	 4.2457E-01	 3.0733E-01	 1.9393E-01	 7.8716E-02	 2.7089E-02	 3.3524E-03	 -4.9315E-03	 -7.5362E-03	 -6.0662E-03	 -4.1819E-03	 -2.5999E-03	 1.7279E-05	 7.6782E-05	 -9.8198E-06	 -1.7189E-05	 -1.1163E-05	 -7.0693E-06	 -3.7377E-06	 -2.4387E-06	 -1.7244E-06	 -1.2936E-06	 -1.0141E-06	 -8.2317E-07	 -5.7387E-07	 -4.2211E-07	 -3.2321E-07	 -2.5536E-07	 -2.0681E-07	 
6.7267E-01	 4.6585E-01	 3.4530E-01	 2.2546E-01	 9.8375E-02	 3.8395E-02	 9.7503E-03	 -1.1607E-03	 -5.5489E-03	 -5.2670E-03	 -4.1590E-03	 -2.9642E-03	 -1.3953E-05	 1.4089E-04	 -1.0543E-05	 -2.7480E-05	 -1.8111E-05	 -1.1409E-05	 -5.8876E-06	 -3.8037E-06	 -2.6750E-06	 -2.0004E-06	 -1.5678E-06	 -1.2729E-06	 -8.8766E-07	 -6.5302E-07	 -5.0007E-07	 -3.9510E-07	 -3.1998E-07	 
7.1899E-01	 5.5558E-01	 4.4829E-01	 3.2681E-01	 1.7761E-01	 8.9291E-02	 3.7643E-02	 1.1826E-02	 -8.3688E-04	 -2.7700E-03	 -1.5797E-03	 -2.1603E-04	 1.1355E-03	 5.9649E-04	 9.9925E-05	 -5.8543E-05	 -6.4804E-05	 -4.3932E-05	 -1.8262E-05	 -8.3313E-06	 -4.3783E-06	 -2.8626E-06	 -2.2263E-06	 -1.8189E-06	 -1.2736E-06	 -9.2997E-07	 -7.2130E-07	 -5.6855E-07	 -4.6110E-07	 
E= 150 kev 
1.1264E-01	 6.3769E-02	 4.8806E-02	 2.3808E-02	 7.3652E-03	 9.9095E-04	 -1.2138E-03	 -1.6043E-03	 -1.2847E-03	 -8.2965E-04	 -4.7201E-04	 -2.4427E-04	 3.2959E-06	 4.0692E-06	 -3.9512E-08	 -4.2701E-07	 -2.6925E-07	 -1.5998E-07	 -7.5985E-08	 -4.9406E-08	 -3.5682E-08	 -2.6789E-08	 -2.1150E-08	 -1.7091E-08	 -1.1911E-08	 -8.7732E-09	 -6.7215E-09	 -5.3110E-09	 -4.3013E-09	 
4.1437E-01	 2.4193E-01	 1.8680E-01	 9.5734E-02	 3.3263E-02	 7.0194E-03	 -3.0104E-03	 -5.4438E-03	 -4.7937E-03	 -3.2656E-03	 -1.9514E-03	 -1.0653E-03	 1.1920E-05	 2.0722E-05	 -2.4908E-06	 -4.3002E-06	 -2.7983E-06	 -1.7474E-06	 -8.5514E-07	 -5.6150E-07	 -4.0324E-07	 -3.0110E-07	 -2.3696E-07	 -1.9107E-07	 -1.3308E-07	 -9.8026E-08	 -7.5090E-08	 -5.9324E-08	 -4.8050E-08	 
5.4569E-01	 3.3090E-01	 2.5902E-01	 1.4012E-01	 5.5141E-02	 1.5324E-02	 -1.3798E-03	 -6.4899E-03	 -6.5935E-03	 -4.8541E-03	 -3.0705E-03	 -1.7723E-03	 1.6125E-05	 4.1002E-05	 -6.2764E-06	 -9.9731E-06	 -6.5437E-06	 -4.1117E-06	 -1.9967E-06	 -1.3080E-06	 -9.3826E-07	 -6.9827E-07	 -5.4911E-07	 -4.4249E-07	 -3.0818E-07	 -2.2703E-07	 -1.7391E-07	 -1.3740E-07	 -1.1129E-07	 
6.1248E-01	 3.8243E-01	 3.0303E-01	 1.7192E-01	 7.3986E-02	 2.5243E-02	 2.9162E-03	 -5.2148E-03	 -6.9544E-03	 -5.7242E-03	 -3.9295E-03	 -2.4422E-03	 1.4705E-05	 7.3009E-05	 -9.9788E-06	 -1.7473E-05	 -1.1590E-05	 -7.2934E-06	 -3.4776E-06	 -2.2620E-06	 -1.6193E-06	 -1.2013E-06	 -9.4428E-07	 -7.6044E-07	 -5.2971E-07	 -3.9031E-07	 -2.9900E-07	 -2.3623E-07	 -1.9133E-07	 
6.5217E-01	 4.2049E-01	 3.3824E-01	 2.0128E-01	 9.2423E-02	 3.5860E-02	 8.9355E-03	 -1.6564E-03	 -5.0814E-03	 -4.9688E-03	 -3.9055E-03	 -2.7812E-03	 -1.4473E-05	 1.3383E-04	 -1.0807E-05	 -2.7811E-05	 -1.8789E-05	 -1.1830E-05	 -5.4995E-06	 -3.5261E-06	 -2.5136E-06	 -1.8592E-06	 -1.4612E-06	 -1.1757E-06	 -8.1916E-07	 -6.0375E-07	 -4.6256E-07	 -3.6546E-07	 -2.9599E-07	 
6.9824E-01	 5.1246E-01	 4.3320E-01	 2.9881E-01	 1.6765E-01	 8.3596E-02	 3.4998E-02	 1.0590E-02	 -8.7506E-04	 -2.6943E-03	 -1.5403E-03	 -2.3476E-04	 1.0683E-03	 5.6284E-04	 8.9605E-05	 -5.8924E-05	 -6.4447E-05	 -4.4038E-05	 -1.7628E-05	 -7.7822E-06	 -4.2127E-06	 -2.7766E-06	 -2.1738E-06	 -1.7359E-06	 -1.2148E-06	 -8.8575E-07	 -6.7305E-07	 -5.3773E-07	 -4.3453E-07	 
E= 200 kev 
1.1234E-01	 6.2674E-02	 4.5149E-02	 2.5512E-02	 7.3326E-03	 8.9110E-04	 -1.1969E-03	 -1.5891E-03	 -1.2660E-03	 -8.1700E-04	 -4.6355E-04	 -2.4362E-04	 2.6622E-06	 3.6124E-06	 -2.2880E-07	 -5.4252E-07	 -3.4278E-07	 -2.0643E-07	 -9.5287E-08	 -6.1159E-08	 -4.4610E-08	 -3.3897E-08	 -2.6360E-08	 -2.1187E-08	 -1.4706E-08	 -1.0832E-08	 -8.3049E-09	 -6.5626E-09	 -5.3156E-09	 
4.1186E-01	 2.3742E-01	 1.7345E-01	 1.0161E-01	 3.2611E-02	 6.6553E-03	 -2.8446E-03	 -5.3701E-03	 -4.7077E-03	 -3.2064E-03	 -1.9124E-03	 -1.0571E-03	 1.1259E-05	 1.9789E-05	 -2.7485E-06	 -4.5465E-06	 -3.0125E-06	 -1.8869E-06	 -8.7533E-07	 -5.5527E-07	 -4.0351E-07	 -3.0578E-07	 -2.3741E-07	 -1.9082E-07	 -1.3224E-07	 -9.7390E-08	 -7.4675E-08	 -5.9009E-08	 -4.7794E-08	 
5.5145E-01	 3.2895E-01	 2.4426E-01	 1.4871E-01	 5.3217E-02	 1.4974E-02	 -9.5270E-04	 -6.2893E-03	 -6.4528E-03	 -4.7312E-03	 -2.9902E-03	 -1.7391E-03	 2.3277E-05	 4.3737E-05	 -4.3627E-06	 -9.1068E-06	 -6.2030E-06	 -3.9260E-06	 -1.8006E-06	 -1.1247E-06	 -8.1371E-07	 -6.1666E-07	 -4.7832E-07	 -3.8472E-07	 -2.6639E-07	 -1.9622E-07	 -1.5045E-07	 -1.1889E-07	 -9.6296E-08	 
6.1786E-01	 3.7939E-01	 2.8631E-01	 1.8029E-01	 7.1120E-02	 2.4368E-02	 3.1270E-03	 -5.1601E-03	 -6.9028E-03	 -5.6265E-03	 -3.8614E-03	 -2.4177E-03	 1.4293E-05	 7.1043E-05	 -1.0401E-05	 -1.8129E-05	 -1.2321E-05	 -7.8051E-06	 -3.5297E-06	 -2.1921E-06	 -1.5882E-06	 -1.2026E-06	 -9.3068E-07	 -7.4759E-07	 -5.1715E-07	 -3.8102E-07	 -2.9221E-07	 -2.3091E-07	 -1.8703E-07	 
6.5305E-01	 4.1510E-01	 3.2009E-01	 2.0908E-01	 8.9370E-02	 3.4819E-02	 9.0870E-03	 -1.6387E-03	 -5.0609E-03	 -4.8927E-03	 -3.8366E-03	 -2.7516E-03	 -1.3481E-05	 1.3117E-04	 -1.1231E-05	 -2.8654E-05	 -1.9859E-05	 -1.2607E-05	 -5.5998E-06	 -3.3989E-06	 -2.4561E-06	 -1.8583E-06	 -1.4348E-06	 -1.1502E-06	 -7.9609E-07	 -5.8675E-07	 -4.5006E-07	 -3.5567E-07	 -2.8807E-07	 
6.9679E-01	 5.0561E-01	 4.1576E-01	 3.0185E-01	 1.6003E-01	 8.1405E-02	 3.4555E-02	 1.0268E-02	 -9.1806E-04	 -2.7276E-03	 -1.5084E-03	 -2.4583E-04	 1.0425E-03	 5.4649E-04	 8.7019E-05	 -6.0335E-05	 -6.5166E-05	 -4.5197E-05	 -1.7845E-05	 -7.5594E-06	 -4.1468E-06	 -2.7965E-06	 -2.1404E-06	 -1.7307E-06	 -1.1758E-06	 -8.6694E-07	 -6.6017E-07	 -5.2135E-07	 -4.2523E-07	 
E= 250 kev 
1.1474E-01	 6.9624E-02	 4.4229E-02	 2.4158E-02	 7.1667E-03	 8.7674E-04	 -1.2203E-03	 -1.6004E-03	 -1.2891E-03	 -8.2230E-04	 -4.6812E-04	 -2.4410E-04	 2.6849E-06	 3.6438E-06	 -2.6554E-07	 -5.7912E-07	 -3.7005E-07	 -2.2548E-07	 -1.0154E-07	 -6.2600E-08	 -4.5961E-08	 -3.5012E-08	 -2.7155E-08	 -2.1729E-08	 -1.5035E-08	 -1.1079E-08	 -8.4918E-09	 -6.7149E-09	 -5.4389E-09	 
4.2258E-01	 2.6267E-01	 1.7061E-01	 9.7623E-02	 3.2458E-02	 6.7133E-03	 -2.9807E-03	 -5.3941E-03	 -4.7875E-03	 -3.2222E-03	 -1.9243E-03	 -1.0630E-03	 1.2509E-05	 2.0681E-05	 -2.5704E-06	 -4.5744E-06	 -3.0886E-06	 -1.9554E-06	 -8.8409E-07	 -5.3641E-07	 -3.9127E-07	 -2.9776E-07	 -2.3058E-07	 -1.8431E-07	 -1.2757E-07	 -9.3998E-08	 -7.2050E-08	 -5.6971E-08	 -4.6145E-08	 
5.5966E-01	 3.5794E-01	 2.3910E-01	 1.4220E-01	 5.3418E-02	 1.4803E-02	 -1.3689E-03	 -6.4407E-03	 -6.6255E-03	 -4.7913E-03	 -3.0280E-03	 -1.7665E-03	 1.7359E-05	 4.1042E-05	 -6.4386E-06	 -1.0601E-05	 -7.2485E-06	 -4.6295E-06	 -2.0767E-06	 -1.2460E-06	 -9.0771E-07	 -6.9070E-07	 -5.3391E-07	 -4.2622E-07	 -2.9484E-07	 -2.1729E-07	 -1.6657E-07	 -1.3172E-07	 -1.0669E-07	 
6.2393E-01	 4.0905E-01	 2.8089E-01	 1.7437E-01	 7.1825E-02	 2.4481E-02	 2.8451E-03	 -5.2149E-03	 -7.0284E-03	 -5.6639E-03	 -3.8811E-03	 -2.4395E-03	 1.3820E-05	 7.1547E-05	 -1.1075E-05	 -1.9039E-05	 -1.3153E-05	 -8.4455E-06	 -3.7435E-06	 -2.2091E-06	 -1.6066E-06	 -1.2226E-06	 -9.4314E-07	 -7.5275E-07	 -5.1966E-07	 -3.8312E-07	 -2.9373E-07	 -2.3229E-07	 -1.8815E-07	 
6.7089E-01	 4.5049E-01	 3.1689E-01	 2.0515E-01	 9.0195E-02	 3.5063E-02	 8.8328E-03	 -1.6835E-03	 -5.1861E-03	 -4.9164E-03	 -3.8511E-03	 -2.7723E-03	 -1.3191E-05	 1.3299E-04	 -1.1546E-05	 -2.9677E-05	 -2.0946E-05	 -1.3537E-05	 -5.9052E-06	 -3.3763E-06	 -2.4423E-06	 -1.8596E-06	 -1.4303E-06	 -1.1417E-06	 -7.8588E-07	 -5.7968E-07	 -4.4454E-07	 -3.5158E-07	 -2.8478E-07	 
7.1206E-01	 5.3369E-01	 4.1343E-01	 2.9770E-01	 1.6319E-01	 8.1935E-02	 3.4587E-02	 1.0401E-02	 -9.3582E-04	 -2.6421E-03	 -1.5051E-03	 -2.5084E-04	 1.0458E-03	 5.5033E-04	 8.5803E-05	 -6.3468E-05	 -6.8002E-05	 -4.6711E-05	 -1.8463E-05	 -7.5197E-06	 -4.0387E-06	 -2.9163E-06	 -2.1985E-06	 -1.7122E-06	 -1.1802E-06	 -8.4130E-07	 -6.5297E-07	 -5.2248E-07	 -4.2078E-07	 
E= 300 kev 
1.1825E-01	 7.8943E-02	 4.4863E-02	 2.3893E-02	 6.5207E-03	 9.1823E-04	 -1.1478E-03	 -1.6337E-03	 -1.3040E-03	 -8.3501E-04	 -4.7958E-04	 -2.4971E-04	 3.3709E-06	 3.7178E-06	 -2.7584E-07	 -6.0333E-07	 -3.9137E-07	 -2.4097E-07	 -1.0775E-07	 -6.3775E-08	 -4.6314E-08	 -3.5818E-08	 -2.7768E-08	 -2.2202E-08	 -1.5204E-08	 -1.1192E-08	 -8.5717E-09	 -6.7862E-09	 -5.4990E-09	 
4.3549E-01	 2.9566E-01	 1.7313E-01	 9.6101E-02	 3.0151E-02	 6.7993E-03	 -2.9181E-03	 -5.5130E-03	 -4.8402E-03	 -3.2717E-03	 -1.9730E-03	 -1.0809E-03	 1.5336E-05	 2.1215E-05	 -2.6642E-06	 -4.8040E-06	 -3.2759E-06	 -2.1000E-06	 -9.4229E-07	 -5.4751E-07	 -3.9532E-07	 -3.0312E-07	 -2.3627E-07	 -1.8876E-07	 -1.2927E-07	 -9.5164E-08	 -7.2876E-08	 -5.7691E-08	 -4.6746E-08	 
5.7578E-01	 3.9913E-01	 2.4244E-01	 1.4129E-01	 5.0501E-02	 1.5045E-02	 -1.2538E-03	 -6.5995E-03	 -6.7036E-03	 -4.8734E-03	 -3.1077E-03	 -1.7965E-03	 2.0600E-05	 4.1673E-05	 -6.9689E-06	 -1.1273E-05	 -7.7844E-06	 -5.0404E-06	 -2.2478E-06	 -1.2872E-06	 -9.2704E-07	 -7.1168E-07	 -5.5375E-07	 -4.4180E-07	 -3.0213E-07	 -2.2239E-07	 -1.7034E-07	 -1.3486E-07	 -1.0929E-07	 
6.4510E-01	 4.5512E-01	 2.8509E-01	 1.7315E-01	 6.8910E-02	 2.5130E-02	 3.1404E-03	 -5.3305E-03	 -7.0962E-03	 -5.7488E-03	 -3.9763E-03	 -2.4681E-03	 2.0020E-05	 7.4273E-05	 -1.1043E-05	 -1.9645E-05	 -1.3757E-05	 -8.9668E-06	 -3.9691E-06	 -2.2282E-06	 -1.5973E-06	 -1.2255E-06	 -9.5346E-07	 -7.5947E-07	 -5.1878E-07	 -3.8191E-07	 -2.9256E-07	 -2.3165E-07	 -1.8772E-07	 
6.8653E-01	 4.9414E-01	 3.2051E-01	 2.0264E-01	 8.7364E-02	 3.5806E-02	 9.1941E-03	 -1.7485E-03	 -5.2241E-03	 -4.9901E-03	 -3.9497E-03	 -2.8037E-03	 -9.1500E-06	 1.3592E-04	 -1.2219E-05	 -3.1079E-05	 -2.2189E-05	 -1.4541E-05	 -6.3901E-06	 -3.4891E-06	 -2.4809E-06	 -1.9045E-06	 -1.4798E-06	 -1.1759E-06	 -8.0231E-07	 -5.9071E-07	 -4.5294E-07	 -3.5846E-07	 -2.9049E-07	 
7.2805E-01	 5.7107E-01	 4.1942E-01	 2.9973E-01	 1.6239E-01	 8.3396E-02	 3.5305E-02	 1.0585E-02	 -8.5282E-04	 -2.6710E-03	 -1.5322E-03	 -2.2804E-04	 1.0695E-03	 5.6152E-04	 8.5208E-05	 -6.5937E-05	 -7.0463E-05	 -4.8637E-05	 -1.9298E-05	 -7.7296E-06	 -4.0246E-06	 -2.9168E-06	 -2.2791E-06	 -1.7720E-06	 -1.1807E-06	 -8.3852E-07	 -6.4925E-07	 -5.1733E-07	 -4.1791E-07	 
E= 350 kev 
1.2290E-01	 8.4178E-02	 4.5120E-02	 2.2507E-02	 7.2988E-03	 9.2081E-04	 -1.2375E-03	 -1.6294E-03	 -1.3139E-03	 -8.5051E-04	 -4.8789E-04	 -2.5495E-04	 3.6120E-06	 4.2311E-06	 -5.8516E-08	 -4.9587E-07	 -3.2191E-07	 -1.9870E-07	 -8.8972E-08	 -5.1044E-08	 -3.6339E-08	 -2.8028E-08	 -2.1990E-08	 -1.7567E-08	 -1.2049E-08	 -8.8303E-09	 -6.7790E-09	 -5.3567E-09	 -4.3417E-09	 
4.5263E-01	 3.1441E-01	 1.7421E-01	 9.1194E-02	 3.3041E-02	 6.8368E-03	 -3.0479E-03	 -5.5259E-03	 -4.9090E-03	 -3.3501E-03	 -2.0187E-03	 -1.1114E-03	 1.3061E-05	 2.1467E-05	 -2.9059E-06	 -5.0822E-06	 -3.4811E-06	 -2.2643E-06	 -1.0221E-06	 -5.7394E-07	 -4.0618E-07	 -3.1306E-07	 -2.4703E-07	 -1.9606E-07	 -1.3386E-07	 -9.7963E-08	 -7.5199E-08	 -5.9394E-08	 -4.8173E-08	 
5.9504E-01	 4.2191E-01	 2.4402E-01	 1.3546E-01	 5.5716E-02	 1.5210E-02	 -1.3362E-03	 -6.5763E-03	 -6.8160E-03	 -4.9835E-03	 -3.1783E-03	 -1.8456E-03	 1.7708E-05	 4.2469E-05	 -7.2898E-06	 -1.1770E-05	 -8.1914E-06	 -5.3794E-06	 -2.4208E-06	 -1.3374E-06	 -9.4178E-07	 -7.2611E-07	 -5.7289E-07	 -4.5405E-07	 -3.0959E-07	 -2.2643E-07	 -1.7384E-07	 -1.3731E-07	 -1.1137E-07	 
6.6671E-01	 4.8048E-01	 2.8711E-01	 1.6736E-01	 7.5390E-02	 2.5329E-02	 3.0495E-03	 -5.2532E-03	 -7.2144E-03	 -5.9002E-03	 -4.0678E-03	 -2.5411E-03	 1.6505E-05	 7.5722E-05	 -1.1603E-05	 -2.0533E-05	 -1.4479E-05	 -9.5734E-06	 -4.2901E-06	 -2.3232E-06	 -1.6229E-06	 -1.2520E-06	 -9.8701E-07	 -7.7935E-07	 -5.3178E-07	 -3.8894E-07	 -2.9869E-07	 -2.3595E-07	 -1.9136E-07	 
7.0795E-01	 5.1987E-01	 3.2289E-01	 1.9740E-01	 9.4370E-02	 3.6282E-02	 9.2385E-03	 -1.5750E-03	 -5.2919E-03	 -5.1049E-03	 -4.0444E-03	 -2.8915E-03	 -1.3442E-05	 1.3894E-04	 -1.2934E-05	 -3.2360E-05	 -2.3337E-05	 -1.5502E-05	 -6.9191E-06	 -3.6528E-06	 -2.5206E-06	 -1.9449E-06	 -1.5277E-06	 -1.2090E-06	 -8.2231E-07	 -6.0155E-07	 -4.6214E-07	 -3.6511E-07	 -2.9612E-07	 
7.5268E-01	 5.9789E-01	 4.2513E-01	 2.9865E-01	 1.6983E-01	 8.5643E-02	 3.5796E-02	 1.0877E-02	 -1.0259E-03	 -2.7937E-03	 -1.6286E-03	 -2.8187E-04	 1.0914E-03	 5.7188E-04	 8.6529E-05	 -6.8669E-05	 -7.2585E-05	 -5.0424E-05	 -2.0126E-05	 -8.1560E-06	 -4.1794E-06	 -2.9944E-06	 -2.3683E-06	 -1.8935E-06	 -1.2379E-06	 -8.9085E-07	 -6.7527E-07	 -5.3305E-07	 -4.4236E-07	 
E= 400 kev 
1.2653E-01	 8.5704E-02	 4.8645E-02	 2.6417E-02	 7.5914E-03	 9.7009E-04	 -1.3337E-03	 -1.7409E-03	 -1.3722E-03	 -8.7528E-04	 -5.0476E-04	 -2.6264E-04	 2.8138E-06	 3.9740E-06	 -2.6791E-07	 -6.4398E-07	 -4.2348E-07	 -2.6641E-07	 -1.2035E-07	 -6.7501E-08	 -4.7004E-08	 -3.6220E-08	 -2.8636E-08	 -2.2997E-08	 -1.5535E-08	 -1.1375E-08	 -8.7366E-09	 -6.9112E-09	 -5.5948E-09	 
4.6353E-01	 3.1968E-01	 1.8681E-01	 1.0565E-01	 3.4427E-02	 7.1783E-03	 -3.3163E-03	 -5.8999E-03	 -5.1049E-03	 -3.4375E-03	 -2.0806E-03	 -1.1408E-03	 1.0937E-05	 2.1733E-05	 -3.2249E-06	 -5.4450E-06	 -3.7736E-06	 -2.4724E-06	 -1.1215E-06	 -6.1495E-07	 -4.2443E-07	 -3.2655E-07	 -2.5808E-07	 -2.0715E-07	 -1.4004E-07	 -1.0228E-07	 -7.8564E-08	 -6.2153E-08	 -5.0314E-08	 
6.2034E-01	 4.3585E-01	 2.6298E-01	 1.5527E-01	 5.7093E-02	 1.5921E-02	 -1.4180E-03	 -6.9427E-03	 -7.0049E-03	 -5.0806E-03	 -3.2515E-03	 -1.8745E-03	 2.1392E-05	 4.8527E-05	 -5.2047E-06	 -1.0887E-05	 -7.7349E-06	 -5.1199E-06	 -2.3177E-06	 -1.2537E-06	 -8.5936E-07	 -6.6040E-07	 -5.2191E-07	 -4.1911E-07	 -2.8336E-07	 -2.0678E-07	 -1.5883E-07	 -1.2567E-07	 -1.0174E-07	 
6.9412E-01	 4.9586E-01	 3.0615E-01	 1.8886E-01	 7.6478E-02	 2.5936E-02	 2.9110E-03	 -5.7524E-03	 -7.4967E-03	 -6.0472E-03	 -4.1946E-03	 -2.6043E-03	 1.1753E-05	 7.8611E-05	 -1.2226E-05	 -2.1624E-05	 -1.5382E-05	 -1.0263E-05	 -4.6465E-06	 -2.4628E-06	 -1.6695E-06	 -1.2830E-06	 -1.0148E-06	 -8.1395E-07	 -5.4833E-07	 -3.9949E-07	 -3.0697E-07	 -2.4294E-07	 -1.9666E-07	 
7.3198E-01	 5.3386E-01	 3.4216E-01	 2.1973E-01	 9.6152E-02	 3.7191E-02	 9.3647E-03	 -1.9591E-03	 -5.5055E-03	 -5.2582E-03	 -4.1675E-03	 -2.9644E-03	 -1.8569E-05	 1.4409E-04	 -1.3457E-05	 -3.3991E-05	 -2.4632E-05	 -1.6505E-05	 -7.4692E-06	 -3.8748E-06	 -2.5852E-06	 -1.9832E-06	 -1.5696E-06	 -1.2552E-06	 -8.4439E-07	 -6.1524E-07	 -4.7283E-07	 -3.7428E-07	 -3.0300E-07	 
7.7824E-01	 6.1617E-01	 4.4462E-01	 3.2154E-01	 1.7467E-01	 8.7703E-02	 3.6984E-02	 1.1033E-02	 -1.0335E-03	 -2.8700E-03	 -1.7021E-03	 -2.8462E-04	 1.1287E-03	 5.9134E-04	 8.7984E-05	 -7.1451E-05	 -7.6560E-05	 -5.3449E-05	 -2.1603E-05	 -8.6034E-06	 -4.2988E-06	 -3.0316E-06	 -2.4262E-06	 -1.9155E-06	 -1.2603E-06	 -9.0555E-07	 -6.8384E-07	 -5.4633E-07	 -4.4700E-07	 
xx 
Ba Z = 56 5p
E= 50 kev 
5.0106E-02	 2.8106E-02	 1.7719E-02	 7.7805E-03	 -1.3047E-04	 -1.4012E-03	 -8.3728E-04	 -2.7351E-04	 4.2325E-05	 9.4305E-05	 7.4164E-05	 5.7595E-05	 4.9438E-05	 3.7188E-05	 2.5807E-05	 1.7884E-05	 1.3057E-05	 9.8618E-06	 6.5113E-06	 4.5527E-06	 3.3382E-06	 2.5565E-06	 2.0203E-06	 1.6377E-06	 1.1378E-06	 8.3581E-07	 6.3995E-07	 5.0563E-07	 4.0955E-07	 
3.4687E-01	 2.0967E-01	 1.3881E-01	 6.4968E-02	 2.3527E-03	 -1.0387E-02	 -7.2031E-03	 -2.8468E-03	 -1.7445E-05	 6.1386E-04	 5.0626E-04	 3.7628E-04	 3.5112E-04	 2.7540E-04	 1.9401E-04	 1.3476E-04	 9.8397E-05	 7.4416E-05	 4.9191E-05	 3.4399E-05	 2.5229E-05	 1.9322E-05	 1.5269E-05	 1.2378E-05	 8.6008E-06	 6.3181E-06	 4.8375E-06	 3.8220E-06	 3.0958E-06	 
5.6453E-01	 3.7014E-01	 2.5986E-01	 1.3393E-01	 1.2545E-02	 -1.6970E-02	 -1.3514E-02	 -6.2040E-03	 -7.4561E-04	 8.6040E-04	 8.1147E-04	 5.7743E-04	 5.8646E-04	 4.8241E-04	 3.4656E-04	 2.4140E-04	 1.7621E-04	 1.3355E-04	 8.8396E-05	 6.1818E-05	 4.5353E-05	 3.4737E-05	 2.7452E-05	 2.2256E-05	 1.5466E-05	 1.1361E-05	 8.6987E-06	 6.8727E-06	 5.5666E-06	 
7.2271E-01	 5.0157E-01	 3.6865E-01	 2.0741E-01	 3.1983E-02	 -2.0015E-02	 -1.8839E-02	 -9.4277E-03	 -2.0546E-03	 5.6803E-04	 8.1032E-04	 5.5103E-04	 6.8254E-04	 6.0296E-04	 4.4384E-04	 3.1136E-04	 2.2712E-04	 1.7268E-04	 1.1453E-04	 8.0094E-05	 5.8789E-05	 4.5031E-05	 3.5588E-05	 2.8856E-05	 2.0056E-05	 1.4733E-05	 1.1280E-05	 8.9120E-06	 7.2183E-06	 
8.0538E-01	 5.8587E-01	 4.4833E-01	 2.7080E-01	 5.7097E-02	 -1.8060E-02	 -2.2801E-02	 -1.2189E-02	 -3.0345E-03	 1.9986E-04	 6.2468E-04	 3.7359E-04	 6.7881E-04	 6.6201E-04	 4.9958E-04	 3.5524E-04	 2.5871E-04	 1.9768E-04	 1.3149E-04	 9.1927E-05	 6.7517E-05	 5.1720E-05	 4.0876E-05	 3.3149E-05	 2.3045E-05	 1.6931E-05	 1.2962E-05	 1.0240E-05	 8.2941E-06	 
9.0665E-01	 6.8480E-01	 5.3940E-01	 3.4371E-01	 9.1569E-02	 -1.1049E-02	 -2.6127E-02	 -1.4650E-02	 -2.1983E-03	 1.4254E-03	 1.0569E-03	 3.1156E-04	 5.4516E-04	 7.1052E-04	 5.2229E-04	 3.7482E-04	 2.7797E-04	 2.1921E-04	 1.4695E-04	 1.0193E-04	 7.4348E-05	 5.6741E-05	 4.4798E-05	 3.6356E-05	 2.5366E-05	 1.8659E-05	 1.4299E-05	 1.1306E-05	 9.1617E-06	 
E= 100 kev 
4.4163E-02	 2.2094E-02	 1.3584E-02	 6.6368E-03	 -1.1416E-04	 -1.1228E-03	 -6.9160E-04	 -2.3098E-04	 3.3877E-05	 7.7507E-05	 6.1579E-05	 4.5899E-05	 3.8300E-05	 2.9412E-05	 2.2017E-05	 1.6258E-05	 1.1939E-05	 9.1043E-06	 5.8409E-06	 3.9804E-06	 3.0058E-06	 2.3058E-06	 1.8309E-06	 1.4788E-06	 1.0266E-06	 7.5451E-07	 5.7765E-07	 4.5628E-07	 3.6960E-07	 
3.0437E-01	 1.6470E-01	 1.0796E-01	 5.5904E-02	 1.8922E-03	 -8.3686E-03	 -5.9259E-03	 -2.3680E-03	 -2.0948E-05	 5.0669E-04	 4.1259E-04	 2.9965E-04	 2.6959E-04	 2.1497E-04	 1.6405E-04	 1.2279E-04	 9.0368E-05	 6.8836E-05	 4.4229E-05	 3.0129E-05	 2.2772E-05	 1.7474E-05	 1.3879E-05	 1.1208E-05	 7.7813E-06	 5.7192E-06	 4.3785E-06	 3.4585E-06	 2.8015E-06	 
4.9003E-01	 2.9171E-01	 2.0496E-01	 1.1389E-01	 1.0368E-02	 -1.3758E-02	 -1.1162E-02	 -5.1814E-03	 -6.5223E-04	 6.9091E-04	 6.4910E-04	 4.4903E-04	 4.4109E-04	 3.6694E-04	 2.8609E-04	 2.1810E-04	 1.6117E-04	 1.2260E-04	 7.8920E-05	 5.3740E-05	 4.0658E-05	 3.1212E-05	 2.4797E-05	 2.0023E-05	 1.3902E-05	 1.0218E-05	 7.8229E-06	 6.1791E-06	 5.0051E-06	 
6.1985E-01	 3.9631E-01	 2.9254E-01	 1.7433E-01	 2.6211E-02	 -1.6241E-02	 -1.5505E-02	 -7.8309E-03	 -1.7110E-03	 4.6584E-04	 6.6470E-04	 4.3908E-04	 5.1546E-04	 4.5554E-04	 3.6335E-04	 2.8334E-04	 2.1128E-04	 1.6045E-04	 1.0350E-04	 7.0464E-05	 5.3372E-05	 4.0995E-05	 3.2581E-05	 2.6306E-05	 1.8264E-05	 1.3426E-05	 1.0279E-05	 8.1188E-06	 6.5761E-06	 
6.9702E-01	 4.6854E-01	 3.5880E-01	 2.2623E-01	 4.6993E-02	 -1.4393E-02	 -1.8622E-02	 -1.0042E-02	 -2.4802E-03	 1.8950E-04	 5.3262E-04	 3.1131E-04	 5.1362E-04	 4.9832E-04	 4.0294E-04	 3.2181E-04	 2.4434E-04	 1.8559E-04	 1.1990E-04	 8.1598E-05	 6.1881E-05	 4.7564E-05	 3.7819E-05	 3.0530E-05	 2.1200E-05	 1.5586E-05	 1.1933E-05	 9.4248E-06	 7.6338E-06	 
7.8121E-01	 5.4807E-01	 4.3374E-01	 2.8623E-01	 7.4740E-02	 -9.2550E-03	 -2.1640E-02	 -1.2225E-02	 -1.8004E-03	 1.2338E-03	 8.7681E-04	 2.2464E-04	 3.8087E-04	 5.2067E-04	 4.0907E-04	 3.2796E-04	 2.6077E-04	 2.0495E-04	 1.3408E-04	 9.0660E-05	 6.8327E-05	 5.2324E-05	 4.1645E-05	 3.3638E-05	 2.3422E-05	 1.7254E-05	 1.3219E-05	 1.0446E-05	 8.4663E-06	 
E= 150 kev 
4.3035E-02	 2.1912E-02	 1.2970E-02	 5.9809E-03	 -1.0516E-04	 -1.0585E-03	 -6.5810E-04	 -2.2064E-04	 2.6027E-05	 6.8220E-05	 5.2847E-05	 3.9412E-05	 3.3446E-05	 2.5827E-05	 1.9788E-05	 1.5277E-05	 1.1520E-05	 8.7677E-06	 5.6257E-06	 3.9158E-06	 2.8122E-06	 2.2143E-06	 1.7496E-06	 1.4178E-06	 9.8640E-07	 7.2387E-07	 5.5420E-07	 4.3806E-07	 3.5477E-07	 
2.9608E-01	 1.6046E-01	 1.0815E-01	 4.9926E-02	 1.6992E-03	 -7.8330E-03	 -5.5376E-03	 -2.1836E-03	 -4.7913E-06	 4.8515E-04	 3.9629E-04	 2.8535E-04	 2.5033E-04	 1.9726E-04	 1.5316E-04	 1.1978E-04	 9.0999E-05	 6.9248E-05	 4.4424E-05	 3.0948E-05	 2.2218E-05	 1.7504E-05	 1.3833E-05	 1.1210E-05	 7.7993E-06	 5.7236E-06	 4.3821E-06	 3.4638E-06	 2.8052E-06	 
4.7259E-01	 2.7451E-01	 2.0524E-01	 1.0126E-01	 9.7016E-03	 -1.2882E-02	 -1.0483E-02	 -4.8475E-03	 -6.2079E-04	 6.4194E-04	 6.1015E-04	 4.1296E-04	 4.0122E-04	 3.2939E-04	 2.6076E-04	 2.0809E-04	 1.6046E-04	 1.2222E-04	 7.8324E-05	 5.4643E-05	 3.9202E-05	 3.0916E-05	 2.4438E-05	 1.9806E-05	 1.3781E-05	 1.0113E-05	 7.7432E-06	 6.1206E-06	 4.9567E-06	 
5.9612E-01	 3.7077E-01	 2.8711E-01	 1.5698E-01	 2.4763E-02	 -1.5202E-02	 -1.4559E-02	 -7.3159E-03	 -1.6222E-03	 4.2969E-04	 6.2537E-04	 4.0230E-04	 4.6740E-04	 4.0655E-04	 3.2754E-04	 2.6805E-04	 2.1021E-04	 1.6075E-04	 1.0281E-04	 7.1857E-05	 5.1515E-05	 4.0669E-05	 3.2161E-05	 2.6069E-05	 1.8139E-05	 1.3312E-05	 1.0193E-05	 8.0567E-06	 6.5245E-06	 
6.6590E-01	 4.3650E-01	 3.4987E-01	 2.0559E-01	 4.4268E-02	 -1.3522E-02	 -1.7508E-02	 -9.3945E-03	 -2.3569E-03	 1.6146E-04	 4.9618E-04	 2.7654E-04	 4.6275E-04	 4.4077E-04	 3.5816E-04	 2.9996E-04	 2.4136E-04	 1.8646E-04	 1.1891E-04	 8.3321E-05	 5.9693E-05	 4.7178E-05	 3.7329E-05	 3.0263E-05	 2.1058E-05	 1.5456E-05	 1.1835E-05	 9.3549E-06	 7.5755E-06	 
7.4258E-01	 4.9326E-01	 4.2495E-01	 2.5770E-01	 7.0305E-02	 -8.6496E-03	 -2.0274E-02	 -1.1427E-02	 -1.7730E-03	 1.1174E-03	 8.3521E-04	 2.0892E-04	 3.4080E-04	 4.6086E-04	 3.5989E-04	 3.0190E-04	 2.5361E-04	 2.0585E-04	 1.3350E-04	 9.3081E-05	 6.6177E-05	 5.2172E-05	 4.1296E-05	 3.3570E-05	 2.3403E-05	 1.7217E-05	 1.3194E-05	 1.0434E-05	 8.4530E-06	 
E= 200 kev 
4.3208E-02	 2.0625E-02	 1.3503E-02	 6.1688E-03	 -1.0725E-04	 -1.0434E-03	 -6.3374E-04	 -2.0545E-04	 3.3902E-05	 7.3610E-05	 5.6446E-05	 4.3382E-05	 3.4686E-05	 2.6223E-05	 2.0038E-05	 1.5715E-05	 1.2222E-05	 9.3812E-06	 5.9508E-06	 4.1810E-06	 3.0564E-06	 2.3385E-06	 1.8219E-06	 1.5090E-06	 1.0472E-06	 7.7098E-07	 5.8950E-07	 4.6587E-07	 3.7732E-07	 
2.9855E-01	 1.4852E-01	 1.0496E-01	 5.2095E-02	 1.7377E-03	 -7.8164E-03	 -5.4782E-03	 -2.1756E-03	 -2.0409E-05	 4.6449E-04	 3.7575E-04	 2.7470E-04	 2.3783E-04	 1.8786E-04	 1.4517E-04	 1.1577E-04	 9.1187E-05	 7.0299E-05	 4.4517E-05	 3.1311E-05	 2.2965E-05	 1.7425E-05	 1.3644E-05	 1.1308E-05	 7.8473E-06	 5.7777E-06	 4.4176E-06	 3.4912E-06	 2.8276E-06	 
4.7293E-01	 2.5782E-01	 1.9567E-01	 1.0618E-01	 9.7109E-03	 -1.2862E-02	 -1.0374E-02	 -4.8296E-03	 -6.4644E-04	 5.9930E-04	 5.6820E-04	 3.8771E-04	 3.7549E-04	 3.0780E-04	 2.4406E-04	 1.9889E-04	 1.5967E-04	 1.2369E-04	 7.8120E-05	 5.5042E-05	 4.0404E-05	 3.0473E-05	 2.3988E-05	 1.9896E-05	 1.3807E-05	 1.0167E-05	 7.7734E-06	 6.1433E-06	 4.9755E-06	 
5.9700E-01	 3.5324E-01	 2.7645E-01	 1.6163E-01	 2.3758E-02	 -1.5127E-02	 -1.4265E-02	 -7.1623E-03	 -1.5560E-03	 4.4360E-04	 6.2662E-04	 4.1574E-04	 4.5829E-04	 3.9218E-04	 3.1398E-04	 2.6097E-04	 2.1334E-04	 1.6713E-04	 1.0527E-04	 7.4297E-05	 5.4576E-05	 4.1054E-05	 3.2396E-05	 2.6887E-05	 1.8659E-05	 1.3740E-05	 1.0506E-05	 8.3027E-06	 6.7243E-06	 
6.6321E-01	 4.1614E-01	 3.3718E-01	 2.0946E-01	 4.2766E-02	 -1.3492E-02	 -1.7192E-02	 -9.2368E-03	 -2.3015E-03	 1.5836E-04	 4.8386E-04	 2.7826E-04	 4.4332E-04	 4.1919E-04	 3.3803E-04	 2.8710E-04	 2.4128E-04	 1.9231E-04	 1.2102E-04	 8.5557E-05	 6.2933E-05	 4.7250E-05	 3.7342E-05	 3.1019E-05	 2.1527E-05	 1.5854E-05	 1.2123E-05	 9.5810E-06	 7.7594E-06	 
7.3911E-01	 4.8024E-01	 4.0429E-01	 2.6451E-01	 6.8370E-02	 -8.7385E-03	 -1.9919E-02	 -1.1251E-02	 -1.7209E-03	 1.1040E-03	 8.1634E-04	 2.1367E-04	 3.2243E-04	 4.3616E-04	 3.3735E-04	 2.8551E-04	 2.5065E-04	 2.0948E-04	 1.3621E-04	 9.5492E-05	 6.9910E-05	 5.2119E-05	 4.1418E-05	 3.4466E-05	 2.3982E-05	 1.7698E-05	 1.3549E-05	 1.0714E-05	 8.6784E-06	 
E= 250 kev 
4.3762E-02	 2.1396E-02	 1.2846E-02	 5.5646E-03	 -1.4093E-04	 -1.0507E-03	 -6.4067E-04	 -2.1042E-04	 3.0895E-05	 7.0873E-05	 5.5302E-05	 4.1376E-05	 3.3840E-05	 2.5395E-05	 1.9425E-05	 1.5463E-05	 1.2271E-05	 9.6022E-06	 6.0708E-06	 4.2440E-06	 3.1478E-06	 2.3949E-06	 1.8852E-06	 1.5016E-06	 1.0677E-06	 7.8447E-07	 6.0179E-07	 4.7488E-07	 3.8467E-07	 
3.0038E-01	 1.5935E-01	 1.0151E-01	 4.7983E-02	 1.6068E-03	 -7.8372E-03	 -5.4948E-03	 -2.1867E-03	 -2.2586E-05	 4.6264E-04	 3.8093E-04	 2.7102E-04	 2.3692E-04	 1.8333E-04	 1.4232E-04	 1.1512E-04	 9.2660E-05	 7.3000E-05	 4.6095E-05	 3.2231E-05	 2.3935E-05	 1.8194E-05	 1.4332E-05	 1.1413E-05	 8.1202E-06	 5.9661E-06	 4.5771E-06	 3.6118E-06	 2.9256E-06	 
4.8252E-01	 2.8094E-01	 1.9161E-01	 9.9905E-02	 9.1957E-03	 -1.2878E-02	 -1.0319E-02	 -4.7637E-03	 -5.8434E-04	 6.5155E-04	 6.1848E-04	 4.2022E-04	 3.9250E-04	 3.1344E-04	 2.4581E-04	 2.0245E-04	 1.6562E-04	 1.3191E-04	 8.3226E-05	 5.8202E-05	 4.3279E-05	 3.2899E-05	 2.5913E-05	 2.0631E-05	 1.4688E-05	 1.0791E-05	 8.2794E-06	 6.5332E-06	 5.2920E-06	 
6.1141E-01	 3.8062E-01	 2.7306E-01	 1.5525E-01	 2.3913E-02	 -1.5208E-02	 -1.4375E-02	 -7.2383E-03	 -1.5902E-03	 4.2561E-04	 6.2034E-04	 3.9941E-04	 4.4809E-04	 3.8047E-04	 3.0225E-04	 2.5413E-04	 2.1262E-04	 1.7201E-04	 1.0862E-04	 7.5930E-05	 5.6561E-05	 4.3018E-05	 3.3868E-05	 2.6957E-05	 1.9208E-05	 1.4112E-05	 1.0829E-05	 8.5447E-06	 6.9214E-06	 
6.7376E-01	 4.4443E-01	 3.3328E-01	 2.0301E-01	 4.2952E-02	 -1.3662E-02	 -1.7358E-02	 -9.3245E-03	 -2.3353E-03	 1.4465E-04	 4.7821E-04	 2.6515E-04	 4.3450E-04	 4.0768E-04	 3.2556E-04	 2.7896E-04	 2.3925E-04	 1.9773E-04	 1.2581E-04	 8.7745E-05	 6.5508E-05	 4.9847E-05	 3.9239E-05	 3.1228E-05	 2.2273E-05	 1.6365E-05	 1.2559E-05	 9.9106E-06	 8.0277E-06	 
7.5128E-01	 5.1991E-01	 4.0264E-01	 2.5852E-01	 6.8689E-02	 -8.6275E-03	 -1.9928E-02	 -1.1280E-02	 -1.6982E-03	 1.1242E-03	 8.1128E-04	 1.9602E-04	 3.1070E-04	 4.2512E-04	 3.2549E-04	 2.7735E-04	 2.4772E-04	 2.1440E-04	 1.4216E-04	 9.8543E-05	 7.3161E-05	 5.5734E-05	 4.3787E-05	 3.4921E-05	 2.5012E-05	 1.8402E-05	 1.4141E-05	 1.1174E-05	 9.0520E-06	 
E= 300 kev 
4.5028E-02	 2.6614E-02	 1.3043E-02	 5.5399E-03	 -3.6157E-04	 -1.0037E-03	 -6.5416E-04	 -2.1428E-04	 3.1736E-05	 7.1628E-05	 5.5583E-05	 4.2214E-05	 3.4221E-05	 2.5637E-05	 1.9686E-05	 1.5639E-05	 1.2542E-05	 9.9666E-06	 6.3292E-06	 4.4041E-06	 3.2660E-06	 2.5046E-06	 1.9706E-06	 1.5920E-06	 1.1139E-06	 8.1687E-07	 6.2918E-07	 4.9529E-07	 4.0072E-07	 
3.0891E-01	 1.9213E-01	 1.0305E-01	 4.8050E-02	 1.1334E-03	 -7.4569E-03	 -5.6081E-03	 -2.2256E-03	 -2.1549E-05	 4.6704E-04	 3.8231E-04	 2.7819E-04	 2.3959E-04	 1.8502E-04	 1.4385E-04	 1.1613E-04	 9.4476E-05	 7.5686E-05	 4.8104E-05	 3.3457E-05	 2.4842E-05	 1.9053E-05	 1.4991E-05	 1.2112E-05	 8.4767E-06	 6.2157E-06	 4.7883E-06	 3.7691E-06	 3.0493E-06	 
4.9330E-01	 3.2673E-01	 1.9492E-01	 1.0057E-01	 7.8473E-03	 -1.2199E-02	 -1.0559E-02	 -4.8824E-03	 -6.1830E-04	 6.3763E-04	 6.0647E-04	 4.1809E-04	 3.9054E-04	 3.1256E-04	 2.4502E-04	 2.0155E-04	 1.6669E-04	 1.3522E-04	 8.6196E-05	 5.9899E-05	 4.4536E-05	 3.4168E-05	 2.6881E-05	 2.1721E-05	 1.5207E-05	 1.1150E-05	 8.5910E-06	 6.7619E-06	 5.4706E-06	 
6.2011E-01	 4.3094E-01	 2.7721E-01	 1.5648E-01	 2.2064E-02	 -1.4458E-02	 -1.4642E-02	 -7.3704E-03	 -1.6224E-03	 4.2431E-04	 6.2293E-04	 4.0991E-04	 4.5331E-04	 3.8358E-04	 3.0350E-04	 2.5455E-04	 2.1488E-04	 1.7712E-04	 1.1371E-04	 7.8880E-05	 5.8748E-05	 4.5092E-05	 3.5472E-05	 2.8668E-05	 2.0079E-05	 1.4721E-05	 1.1344E-05	 8.9285E-06	 7.2233E-06	 
6.9327E-01	 4.9944E-01	 3.3915E-01	 2.0498E-01	 4.1433E-02	 -1.2739E-02	 -1.7544E-02	 -9.4321E-03	 -2.3482E-03	 1.6287E-04	 5.0067E-04	 2.8959E-04	 4.4699E-04	 4.1525E-04	 3.3099E-04	 2.8035E-04	 2.4214E-04	 2.0338E-04	 1.3273E-04	 9.1684E-05	 6.8454E-05	 5.2589E-05	 4.1356E-05	 3.3436E-05	 2.3431E-05	 1.7176E-05	 1.3240E-05	 1.0420E-05	 8.4294E-06	 
7.7439E-01	 5.7701E-01	 4.0904E-01	 2.6105E-01	 6.9670E-02	 -7.8619E-03	 -2.0386E-02	 -1.1492E-02	 -1.7667E-03	 1.1124E-03	 8.3312E-04	 2.1452E-04	 3.1819E-04	 4.2764E-04	 3.2483E-04	 2.7505E-04	 2.4752E-04	 2.1730E-04	 1.4867E-04	 1.0234E-04	 7.5817E-05	 5.8345E-05	 4.5882E-05	 3.7161E-05	 2.6154E-05	 1.9199E-05	 1.4820E-05	 1.1664E-05	 9.4417E-06	 
E= 350 kev 
4.6713E-02	 2.7584E-02	 1.2705E-02	 4.8891E-03	 -1.0079E-04	 -1.1015E-03	 -6.7230E-04	 -2.2847E-04	 2.6828E-05	 6.9930E-05	 5.4123E-05	 4.0245E-05	 3.3394E-05	 2.5099E-05	 1.9042E-05	 1.5339E-05	 1.2491E-05	 1.0071E-05	 6.4713E-06	 4.4730E-06	 3.3147E-06	 2.5471E-06	 2.0118E-06	 1.6228E-06	 1.1045E-06	 8.3156E-07	 6.3608E-07	 5.0514E-07	 4.0791E-07	 
3.2056E-01	 1.9947E-01	 1.0096E-01	 4.3541E-02	 1.7881E-03	 -8.1615E-03	 -5.6593E-03	 -2.2634E-03	 -2.9086E-06	 4.9959E-04	 4.0727E-04	 2.9545E-04	 2.4978E-04	 1.9130E-04	 1.4610E-04	 1.1841E-04	 9.7670E-05	 7.9522E-05	 5.1256E-05	 3.5380E-05	 2.6244E-05	 2.0175E-05	 1.5934E-05	 1.2853E-05	 8.7468E-06	 6.5874E-06	 5.0387E-06	 4.0018E-06	 3.2315E-06	 
5.0921E-01	 3.3882E-01	 1.9284E-01	 9.4654E-02	 9.8234E-03	 -1.3423E-02	 -1.0727E-02	 -5.0228E-03	 -6.3319E-04	 6.6379E-04	 6.2705E-04	 4.3422E-04	 3.9771E-04	 3.1734E-04	 2.4563E-04	 2.0211E-04	 1.6947E-04	 1.4001E-04	 9.0876E-05	 6.2545E-05	 4.6481E-05	 3.5752E-05	 2.8239E-05	 2.2779E-05	 1.5496E-05	 1.1679E-05	 8.9332E-06	 7.0961E-06	 5.7297E-06	 
6.3964E-01	 4.4673E-01	 2.7608E-01	 1.5066E-01	 2.5807E-02	 -1.5809E-02	 -1.4923E-02	 -7.5747E-03	 -1.6608E-03	 4.4716E-04	 6.4320E-04	 4.2989E-04	 4.6086E-04	 3.8901E-04	 3.0421E-04	 2.5447E-04	 2.1751E-04	 1.8269E-04	 1.2012E-04	 8.2392E-05	 6.1318E-05	 4.7217E-05	 3.7284E-05	 3.0079E-05	 2.0457E-05	 1.5429E-05	 1.1801E-05	 9.3762E-06	 7.5703E-06	 
7.1157E-01	 5.1605E-01	 3.3924E-01	 2.0016E-01	 4.5976E-02	 -1.4059E-02	 -1.7959E-02	 -9.7089E-03	 -2.4144E-03	 1.7076E-04	 5.1183E-04	 3.0360E-04	 4.5145E-04	 4.1892E-04	 3.2785E-04	 2.7870E-04	 2.4360E-04	 2.0841E-04	 1.4018E-04	 9.5677E-05	 7.1332E-05	 5.4998E-05	 4.3422E-05	 3.5034E-05	 2.3822E-05	 1.7983E-05	 1.3754E-05	 1.0930E-05	 8.8245E-06	 
7.9041E-01	 5.9404E-01	 4.1092E-01	 2.5737E-01	 7.2953E-02	 -9.1309E-03	 -2.0808E-02	 -1.1805E-02	 -1.7607E-03	 1.1861E-03	 8.5398E-04	 2.2321E-04	 3.1802E-04	 4.3382E-04	 3.2535E-04	 2.7350E-04	 2.4906E-04	 2.2238E-04	 1.5645E-04	 1.0716E-04	 7.9180E-05	 6.1180E-05	 4.8317E-05	 3.9025E-05	 2.6642E-05	 2.0169E-05	 1.5436E-05	 1.2278E-05	 9.9154E-06	 
E= 400 kev 
4.8411E-02	 2.2383E-02	 1.4132E-02	 6.0290E-03	 -2.0494E-04	 -1.1280E-03	 -6.8221E-04	 -2.1939E-04	 3.6144E-05	 7.9210E-05	 6.1316E-05	 4.5955E-05	 3.6427E-05	 2.7197E-05	 2.0605E-05	 1.6577E-05	 1.3338E-05	 1.0893E-05	 7.0834E-06	 4.8711E-06	 3.6109E-06	 2.7789E-06	 2.1970E-06	 1.7783E-06	 1.2282E-06	 9.0826E-07	 6.9438E-07	 5.4869E-07	 4.4622E-07	 
3.3432E-01	 1.9461E-01	 1.1131E-01	 5.1634E-02	 1.3878E-03	 -8.4609E-03	 -5.8990E-03	 -2.3258E-03	 -2.5968E-05	 4.9553E-04	 4.0758E-04	 2.9003E-04	 2.4890E-04	 1.9233E-04	 1.4772E-04	 1.1999E-04	 9.8287E-05	 8.1322E-05	 5.3212E-05	 3.6514E-05	 2.7100E-05	 2.0873E-05	 1.6502E-05	 1.3356E-05	 9.2265E-06	 6.8241E-06	 5.2169E-06	 4.1224E-06	 3.3529E-06	 
5.2743E-01	 3.3973E-01	 2.0594E-01	 1.0738E-01	 9.7046E-03	 -1.4008E-02	 -1.1178E-02	 -5.1690E-03	 -7.0332E-04	 6.4097E-04	 6.1706E-04	 4.1256E-04	 3.9191E-04	 3.1588E-04	 2.4581E-04	 2.0220E-04	 1.6912E-04	 1.4190E-04	 9.3934E-05	 6.4246E-05	 4.7751E-05	 3.6816E-05	 2.9115E-05	 2.3561E-05	 1.6278E-05	 1.2042E-05	 9.2052E-06	 7.2743E-06	 5.9173E-06	 
6.6387E-01	 4.4658E-01	 2.9096E-01	 1.6590E-01	 2.5317E-02	 -1.6566E-02	 -1.5384E-02	 -7.6701E-03	 -1.6878E-03	 4.7544E-04	 6.8224E-04	 4.4344E-04	 4.7840E-04	 4.0171E-04	 3.1408E-04	 2.6158E-04	 2.2246E-04	 1.8890E-04	 1.2728E-04	 8.6795E-05	 6.4554E-05	 4.9844E-05	 3.9421E-05	 3.1897E-05	 2.2043E-05	 1.6309E-05	 1.2466E-05	 9.8517E-06	 8.0148E-06	 
7.3501E-01	 5.2224E-01	 3.5457E-01	 2.1721E-01	 4.5953E-02	 -1.5223E-02	 -1.8537E-02	 -9.8980E-03	 -2.4889E-03	 1.7018E-04	 5.2944E-04	 2.9630E-04	 4.6049E-04	 4.2699E-04	 3.3424E-04	 2.8302E-04	 2.4630E-04	 2.1246E-04	 1.4712E-04	 1.0013E-04	 7.4489E-05	 5.7666E-05	 4.5603E-05	 3.6891E-05	 2.5514E-05	 1.8881E-05	 1.4431E-05	 1.1405E-05	 9.2799E-06	 
8.1493E-01	 6.0638E-01	 4.3155E-01	 2.7619E-01	 7.3237E-02	 -9.7591E-03	 -2.1473E-02	 -1.2065E-02	 -1.8761E-03	 1.1810E-03	 8.6112E-04	 2.2265E-04	 3.2620E-04	 4.4145E-04	 3.2961E-04	 2.7622E-04	 2.5101E-04	 2.2580E-04	 1.6330E-04	 1.1222E-04	 8.2786E-05	 6.4174E-05	 5.0835E-05	 4.1145E-05	 2.8592E-05	 2.1160E-05	 1.6215E-05	 1.2826E-05	 1.0440E-05	 
xx 
La Z = 57 5p
E= 50 kev 
3.4625E-03	 2.8661E-03	 2.2422E-03	 1.5488E-03	 8.4099E-04	 4.4265E-04	 2.1566E-04	 8.9444E-05	 1.8304E-05	 -1.0933E-05	 -2.1033E-05	 -2.1573E-05	 -1.9131E-06	 1.4076E-06	 -7.2825E-08	 -3.4141E-07	 -2.4592E-07	 -1.7231E-07	 -1.0016E-07	 -6.3151E-08	 -4.4284E-08	 -3.3607E-08	 -2.6586E-08	 -2.1572E-08	 -1.5008E-08	 -1.1029E-08	 -8.4427E-09	 -6.6697E-09	 -5.4017E-09	 
3.2583E-02	 2.7541E-02	 2.2068E-02	 1.5772E-02	 8.9497E-03	 4.8171E-03	 2.3362E-03	 9.0761E-04	 9.5591E-05	 -2.1293E-04	 -2.9282E-04	 -2.6943E-04	 -1.8392E-05	 1.7085E-05	 4.1030E-07	 -2.9492E-06	 -2.1830E-06	 -1.5066E-06	 -8.6593E-07	 -5.4038E-07	 -3.7790E-07	 -2.8662E-07	 -2.2678E-07	 -1.8402E-07	 -1.2804E-07	 -9.4094E-08	 -7.2034E-08	 -5.6908E-08	 -4.6089E-08	 
6.2789E-02	 5.4394E-02	 4.4937E-02	 3.3529E-02	 2.0146E-02	 1.1389E-02	 5.8040E-03	 2.4238E-03	 3.6868E-04	 -4.6745E-04	 -7.1198E-04	 -6.7578E-04	 -5.2601E-05	 4.3180E-05	 1.4829E-06	 -7.1661E-06	 -5.2788E-06	 -3.6134E-06	 -2.0672E-06	 -1.2881E-06	 -8.9993E-07	 -6.8249E-07	 -5.4017E-07	 -4.3839E-07	 -3.0505E-07	 -2.2418E-07	 -1.7162E-07	 -1.3558E-07	 -1.0980E-07	 
9.0566E-02	 8.0044E-02	 6.7695E-02	 5.1986E-02	 3.2409E-02	 1.9156E-02	 1.0463E-02	 5.0237E-03	 1.4270E-03	 -2.7089E-04	 -9.5412E-04	 -1.0769E-03	 -1.1919E-04	 8.1545E-05	 3.2098E-06	 -1.3857E-05	 -1.0109E-05	 -6.8561E-06	 -3.9143E-06	 -2.4352E-06	 -1.6983E-06	 -1.2876E-06	 -1.0194E-06	 -8.2752E-07	 -5.7591E-07	 -4.2322E-07	 -3.2398E-07	 -2.5594E-07	 -2.0728E-07	 
1.2749E-01	 1.1534E-01	 9.9923E-02	 7.8269E-02	 4.8832E-02	 2.8823E-02	 1.6308E-02	 8.9435E-03	 4.0480E-03	 1.3506E-03	 -2.0997E-04	 -9.6925E-04	 -2.3945E-04	 1.5324E-04	 1.3319E-05	 -2.2868E-05	 -1.7041E-05	 -1.1405E-05	 -6.4153E-06	 -3.9402E-06	 -2.7294E-06	 -2.0687E-06	 -1.6385E-06	 -1.3302E-06	 -9.2582E-07	 -6.8039E-07	 -5.2085E-07	 -4.1147E-07	 -3.3324E-07	 
3.0830E-01	 2.9055E-01	 2.6413E-01	 2.1807E-01	 1.4436E-01	 8.8231E-02	 4.9029E-02	 2.4594E-02	 9.3551E-03	 3.5978E-03	 1.9538E-03	 1.6801E-03	 1.4618E-03	 7.9831E-04	 2.1307E-04	 -3.2928E-05	 -7.1564E-05	 -5.4099E-05	 -2.3773E-05	 -1.0660E-05	 -5.3283E-06	 -3.4417E-06	 -2.6176E-06	 -2.1869E-06	 -1.6258E-06	 -1.1915E-06	 -9.0841E-07	 -7.1723E-07	 -5.8090E-07	 
E= 100 kev 
3.0484E-03	 2.3250E-03	 1.8100E-03	 1.2708E-03	 6.8201E-04	 3.6177E-04	 1.7330E-04	 7.5701E-05	 1.3744E-05	 -9.6535E-06	 -1.7810E-05	 -1.8127E-05	 -1.6337E-06	 1.1885E-06	 -7.3343E-08	 -3.2216E-07	 -2.3352E-07	 -1.5251E-07	 -8.0230E-08	 -5.2028E-08	 -3.6564E-08	 -2.7231E-08	 -2.1306E-08	 -1.7273E-08	 -1.2041E-08	 -8.8587E-09	 -6.7842E-09	 -5.3602E-09	 -4.3411E-09	 
2.8631E-02	 2.2419E-02	 1.7861E-02	 1.2940E-02	 7.2678E-03	 3.9386E-03	 1.8800E-03	 7.6909E-04	 6.4397E-05	 -1.8205E-04	 -2.4632E-04	 -2.2578E-04	 -1.5662E-05	 1.4502E-05	 3.2495E-07	 -2.7484E-06	 -2.0634E-06	 -1.3467E-06	 -6.9691E-07	 -4.4625E-07	 -3.1250E-07	 -2.3236E-07	 -1.8216E-07	 -1.4768E-07	 -1.0295E-07	 -7.5747E-08	 -5.8012E-08	 -4.5836E-08	 -3.7123E-08	 
5.5684E-02	 4.4968E-02	 3.6730E-02	 2.7515E-02	 1.6339E-02	 9.2744E-03	 4.6511E-03	 2.0061E-03	 2.5490E-04	 -4.1043E-04	 -6.0393E-04	 -5.6857E-04	 -4.6029E-05	 3.5772E-05	 7.4086E-07	 -6.9292E-06	 -5.1446E-06	 -3.3257E-06	 -1.7078E-06	 -1.0959E-06	 -7.6761E-07	 -5.7023E-07	 -4.4681E-07	 -3.6226E-07	 -2.5260E-07	 -1.8586E-07	 -1.4234E-07	 -1.1247E-07	 -9.1086E-08	 
7.8072E-02	 6.5437E-02	 5.5136E-02	 4.2807E-02	 2.6658E-02	 1.5871E-02	 8.6346E-03	 4.2726E-03	 1.1958E-03	 -2.1115E-04	 -7.8140E-04	 -8.8581E-04	 -9.4556E-05	 7.1936E-05	 4.0968E-06	 -1.2152E-05	 -9.2095E-06	 -5.9208E-06	 -2.9896E-06	 -1.9031E-06	 -1.3284E-06	 -9.8444E-07	 -7.7158E-07	 -6.2560E-07	 -4.3631E-07	 -3.2108E-07	 -2.4590E-07	 -1.9429E-07	 -1.5736E-07	 
1.0917E-01	 9.4623E-02	 8.1538E-02	 6.4311E-02	 4.0118E-02	 2.3820E-02	 1.3447E-02	 7.4854E-03	 3.3669E-03	 1.1268E-03	 -1.6428E-04	 -7.9548E-04	 -1.9549E-04	 1.3166E-04	 1.2418E-05	 -2.0704E-05	 -1.6072E-05	 -1.0251E-05	 -5.0655E-06	 -3.2009E-06	 -2.2228E-06	 -1.6434E-06	 -1.2868E-06	 -1.0432E-06	 -7.2781E-07	 -5.3569E-07	 -4.1029E-07	 -3.2418E-07	 -2.6254E-07	 
2.7072E-01	 2.4810E-01	 2.2242E-01	 1.8151E-01	 1.1920E-01	 7.2943E-02	 4.0552E-02	 2.0535E-02	 7.8577E-03	 3.0622E-03	 1.7067E-03	 1.4563E-03	 1.2471E-03	 6.8266E-04	 1.8227E-04	 -3.2590E-05	 -6.5690E-05	 -5.0025E-05	 -2.1279E-05	 -1.0095E-05	 -5.1484E-06	 -2.9457E-06	 -2.1390E-06	 -1.7042E-06	 -1.2027E-06	 -8.9917E-07	 -6.9848E-07	 -5.5262E-07	 -4.4754E-07	 
E= 150 kev 
2.8876E-03	 2.0947E-03	 1.7177E-03	 1.1468E-03	 6.4388E-04	 3.3543E-04	 1.5864E-04	 6.6803E-05	 1.3675E-05	 -9.6342E-06	 -1.7005E-05	 -1.7207E-05	 -1.6298E-06	 1.0843E-06	 -9.9677E-08	 -3.3850E-07	 -2.4905E-07	 -1.6214E-07	 -7.7481E-08	 -4.9311E-08	 -3.5168E-08	 -2.6068E-08	 -2.0439E-08	 -1.6403E-08	 -1.1412E-08	 -8.4117E-09	 -6.4454E-09	 -5.0925E-09	 -4.1245E-09	 
2.7129E-02	 2.0359E-02	 1.6959E-02	 1.1787E-02	 6.8984E-03	 3.6947E-03	 1.7517E-03	 6.9673E-04	 8.1360E-05	 -1.7079E-04	 -2.3074E-04	 -2.1158E-04	 -1.4543E-05	 1.3984E-05	 3.7306E-07	 -2.7079E-06	 -2.0915E-06	 -1.3667E-06	 -6.4690E-07	 -4.0502E-07	 -2.8708E-07	 -2.1281E-07	 -1.6711E-07	 -1.3418E-07	 -9.3340E-08	 -6.8798E-08	 -5.2716E-08	 -4.1653E-08	 -3.3737E-08	 
5.3571E-02	 4.1462E-02	 3.5007E-02	 2.5203E-02	 1.5422E-02	 8.6660E-03	 4.3154E-03	 1.8144E-03	 2.7150E-04	 -3.9018E-04	 -5.6839E-04	 -5.3519E-04	 -4.3657E-05	 3.3957E-05	 5.7423E-07	 -6.9912E-06	 -5.3180E-06	 -3.4470E-06	 -1.6132E-06	 -1.0115E-06	 -7.1835E-07	 -5.3193E-07	 -4.1741E-07	 -3.3491E-07	 -2.3299E-07	 -1.7176E-07	 -1.3162E-07	 -1.0399E-07	 -8.4230E-08	 
7.4845E-02	 6.0554E-02	 5.2322E-02	 3.9426E-02	 2.5106E-02	 1.4847E-02	 8.0429E-03	 3.9287E-03	 1.1519E-03	 -2.0427E-04	 -7.3527E-04	 -8.3232E-04	 -8.9234E-05	 6.8290E-05	 3.7499E-06	 -1.2203E-05	 -9.4985E-06	 -6.1404E-06	 -2.8332E-06	 -1.7557E-06	 -1.2431E-06	 -9.1877E-07	 -7.2094E-07	 -5.7863E-07	 -4.0222E-07	 -2.9658E-07	 -2.2728E-07	 -1.7958E-07	 -1.4545E-07	 
1.0543E-01	 8.8440E-02	 7.7376E-02	 5.9469E-02	 3.7644E-02	 2.2250E-02	 1.2527E-02	 6.9353E-03	 3.1657E-03	 1.0482E-03	 -1.5895E-04	 -7.4897E-04	 -1.8578E-04	 1.2365E-04	 1.1043E-05	 -2.1052E-05	 -1.6770E-05	 -1.0802E-05	 -4.8875E-06	 -2.9886E-06	 -2.1101E-06	 -1.5577E-06	 -1.2190E-06	 -9.7751E-07	 -6.7951E-07	 -5.0124E-07	 -3.8416E-07	 -3.0354E-07	 -2.4585E-07	 
2.5699E-01	 2.3184E-01	 2.0892E-01	 1.6835E-01	 1.1125E-01	 6.7845E-02	 3.7620E-02	 1.8945E-02	 7.2220E-03	 2.7690E-03	 1.5155E-03	 1.3096E-03	 1.1644E-03	 6.3293E-04	 1.6599E-04	 -3.2784E-05	 -6.3934E-05	 -4.9216E-05	 -2.0808E-05	 -9.3575E-06	 -4.9293E-06	 -3.0335E-06	 -2.1801E-06	 -1.7191E-06	 -1.1880E-06	 -8.7885E-07	 -6.7411E-07	 -5.3688E-07	 -4.3381E-07	 
E= 200 kev 
2.8491E-03	 2.0502E-03	 1.6411E-03	 1.1716E-03	 6.2174E-04	 3.3220E-04	 1.6298E-04	 6.8924E-05	 1.4095E-05	 -8.4183E-06	 -1.6158E-05	 -1.6576E-05	 -1.4052E-06	 1.1747E-06	 -4.3450E-08	 -3.1334E-07	 -2.4189E-07	 -1.5916E-07	 -7.3439E-08	 -4.3889E-08	 -3.1392E-08	 -2.3849E-08	 -1.8458E-08	 -1.4761E-08	 -1.0206E-08	 -7.5203E-09	 -5.7690E-09	 -4.5595E-09	 -3.6930E-09	 
2.7871E-02	 2.0411E-02	 1.6439E-02	 1.1888E-02	 6.5038E-03	 3.5211E-03	 1.6928E-03	 6.4736E-04	 4.3060E-05	 -1.8161E-04	 -2.3471E-04	 -2.1404E-04	 -1.6384E-05	 1.2592E-05	 -2.9677E-07	 -3.1492E-06	 -2.4197E-06	 -1.5809E-06	 -7.2338E-07	 -4.3095E-07	 -3.0905E-07	 -2.3441E-07	 -1.8128E-07	 -1.4490E-07	 -1.0016E-07	 -7.3810E-08	 -5.6628E-08	 -4.4754E-08	 -3.6251E-08	 
5.3050E-02	 4.0619E-02	 3.3611E-02	 2.5302E-02	 1.4792E-02	 8.4125E-03	 4.2677E-03	 1.7710E-03	 2.2906E-04	 -3.8959E-04	 -5.6306E-04	 -5.3022E-04	 -4.3787E-05	 3.2883E-05	 2.1970E-07	 -7.3296E-06	 -5.6836E-06	 -3.7027E-06	 -1.6788E-06	 -9.9187E-07	 -7.1358E-07	 -5.3874E-07	 -4.1637E-07	 -3.3264E-07	 -2.2988E-07	 -1.6944E-07	 -1.3001E-07	 -1.0275E-07	 -8.3226E-08	 
7.3858E-02	 5.9298E-02	 5.0512E-02	 3.9424E-02	 2.4333E-02	 1.4536E-02	 7.9859E-03	 3.8813E-03	 1.1116E-03	 -1.9839E-04	 -7.2225E-04	 -8.1971E-04	 -8.6741E-05	 6.7746E-05	 3.9003E-06	 -1.2318E-05	 -9.8571E-06	 -6.4346E-06	 -2.8868E-06	 -1.6769E-06	 -1.2061E-06	 -9.0607E-07	 -6.9989E-07	 -5.5893E-07	 -3.8614E-07	 -2.8469E-07	 -2.1845E-07	 -1.7266E-07	 -1.3985E-07	 
1.0499E-01	 8.7140E-02	 7.5226E-02	 5.9212E-02	 3.6572E-02	 2.1777E-02	 1.2367E-02	 6.8267E-03	 3.0857E-03	 1.0166E-03	 -1.5916E-04	 -7.4228E-04	 -1.8264E-04	 1.2170E-04	 1.0707E-05	 -2.1555E-05	 -1.7582E-05	 -1.1472E-05	 -5.0720E-06	 -2.8879E-06	 -2.0728E-06	 -1.5566E-06	 -1.1997E-06	 -9.5608E-07	 -6.6001E-07	 -4.8680E-07	 -3.7364E-07	 -2.9533E-07	 -2.3922E-07	 
2.5629E-01	 2.2945E-01	 2.0480E-01	 1.6644E-01	 1.0860E-01	 6.6443E-02	 3.6966E-02	 1.8610E-02	 7.0381E-03	 2.6200E-03	 1.4823E-03	 1.2736E-03	 1.1399E-03	 6.2100E-04	 1.6210E-04	 -3.4632E-05	 -6.5457E-05	 -4.9909E-05	 -2.1033E-05	 -9.2615E-06	 -4.7766E-06	 -2.9754E-06	 -2.1584E-06	 -1.7612E-06	 -1.1738E-06	 -8.5054E-07	 -6.6009E-07	 -5.1907E-07	 -4.2335E-07	 
E= 250 kev 
3.0124E-03	 2.2150E-03	 1.6482E-03	 1.1515E-03	 6.2856E-04	 3.3121E-04	 1.5835E-04	 6.6466E-05	 1.2303E-05	 -9.3810E-06	 -1.6632E-05	 -1.7085E-05	 -1.5177E-06	 1.1162E-06	 -8.8036E-08	 -3.5000E-07	 -2.7044E-07	 -1.8062E-07	 -8.1718E-08	 -4.6554E-08	 -3.3244E-08	 -2.5380E-08	 -1.9627E-08	 -1.5659E-08	 -1.0745E-08	 -7.9195E-09	 -6.0735E-09	 -4.8041E-09	 -3.8915E-09	 
2.8118E-02	 2.1277E-02	 1.6272E-02	 1.1751E-02	 6.6972E-03	 3.6083E-03	 1.7184E-03	 6.7374E-04	 5.5066E-05	 -1.7359E-04	 -2.2933E-04	 -2.1200E-04	 -1.4720E-05	 1.3674E-05	 1.9056E-07	 -2.9626E-06	 -2.3633E-06	 -1.5798E-06	 -7.1206E-07	 -4.0234E-07	 -2.8582E-07	 -2.1812E-07	 -1.6867E-07	 -1.3470E-07	 -9.2451E-08	 -6.8131E-08	 -5.2257E-08	 -4.1332E-08	 -3.3482E-08	 
5.3467E-02	 4.1975E-02	 3.3343E-02	 2.5047E-02	 1.5115E-02	 8.5528E-03	 4.2978E-03	 1.8068E-03	 2.4234E-04	 -3.8091E-04	 -5.5568E-04	 -5.3217E-04	 -4.1406E-05	 3.4480E-05	 8.4123E-07	 -7.2002E-06	 -5.7408E-06	 -3.8222E-06	 -1.7093E-06	 -9.5835E-07	 -6.8021E-07	 -5.1936E-07	 -4.0129E-07	 -3.2021E-07	 -2.1959E-07	 -1.6185E-07	 -1.2415E-07	 -9.8203E-08	 -7.9550E-08	 
7.6114E-02	 6.1684E-02	 5.0434E-02	 3.8938E-02	 2.4403E-02	 1.4449E-02	 7.8200E-03	 3.7784E-03	 1.0399E-03	 -2.3910E-04	 -7.4537E-04	 -8.4196E-04	 -9.2859E-05	 6.4934E-05	 1.8792E-06	 -1.3928E-05	 -1.1097E-05	 -7.3710E-06	 -3.2694E-06	 -1.8072E-06	 -1.2807E-06	 -9.7880E-07	 -7.5514E-07	 -6.0146E-07	 -4.1189E-07	 -3.0371E-07	 -2.3300E-07	 -1.8433E-07	 -1.4931E-07	 
1.0560E-01	 8.8867E-02	 7.4652E-02	 5.8814E-02	 3.6936E-02	 2.1892E-02	 1.2358E-02	 6.8287E-03	 3.0862E-03	 1.0256E-03	 -1.6059E-04	 -7.4978E-04	 -1.8459E-04	 1.2222E-04	 1.0337E-05	 -2.2497E-05	 -1.8590E-05	 -1.2380E-05	 -5.4523E-06	 -2.9415E-06	 -2.0668E-06	 -1.5799E-06	 -1.2173E-06	 -9.6799E-07	 -6.6198E-07	 -4.8827E-07	 -3.7470E-07	 -2.9645E-07	 -2.4015E-07	 
2.5847E-01	 2.3257E-01	 2.0434E-01	 1.6625E-01	 1.0942E-01	 6.6774E-02	 3.7050E-02	 1.8621E-02	 7.0275E-03	 2.6785E-03	 1.4666E-03	 1.2793E-03	 1.1465E-03	 6.2511E-04	 1.6147E-04	 -3.6330E-05	 -6.6953E-05	 -5.1622E-05	 -2.1685E-05	 -9.3713E-06	 -4.7105E-06	 -3.0690E-06	 -2.2267E-06	 -1.7735E-06	 -1.2054E-06	 -8.6345E-07	 -6.7198E-07	 -5.1975E-07	 -4.2555E-07	 
E= 300 kev 
3.0977E-03	 2.3772E-03	 1.6634E-03	 1.1542E-03	 6.2182E-04	 3.4769E-04	 1.6417E-04	 6.7266E-05	 1.3138E-05	 -9.5979E-06	 -1.7159E-05	 -1.7259E-05	 -1.5520E-06	 1.1435E-06	 -9.3988E-08	 -3.6565E-07	 -2.8595E-07	 -1.9384E-07	 -8.7896E-08	 -4.7913E-08	 -3.3513E-08	 -2.5715E-08	 -2.0079E-08	 -1.5953E-08	 -1.0882E-08	 -7.9975E-09	 -6.1384E-09	 -4.8539E-09	 -3.9339E-09	 
2.8890E-02	 2.2692E-02	 1.6429E-02	 1.1800E-02	 6.6500E-03	 3.7740E-03	 1.7779E-03	 6.8184E-04	 6.3476E-05	 -1.7655E-04	 -2.3631E-04	 -2.1353E-04	 -1.4811E-05	 1.4021E-05	 1.8218E-07	 -3.0888E-06	 -2.4923E-06	 -1.6895E-06	 -7.6363E-07	 -4.1374E-07	 -2.8832E-07	 -2.2072E-07	 -1.7249E-07	 -1.3734E-07	 -9.3610E-08	 -6.8816E-08	 -5.2815E-08	 -4.1762E-08	 -3.3844E-08	 
5.5885E-02	 4.5034E-02	 3.3840E-02	 2.5206E-02	 1.5017E-02	 8.8471E-03	 4.3931E-03	 1.8033E-03	 2.4415E-04	 -3.9724E-04	 -5.7777E-04	 -5.3756E-04	 -4.3530E-05	 3.4512E-05	 3.6404E-07	 -7.7826E-06	 -6.2304E-06	 -4.2035E-06	 -1.8898E-06	 -1.0154E-06	 -7.0592E-07	 -5.4127E-07	 -4.2273E-07	 -3.3612E-07	 -2.2879E-07	 -1.6815E-07	 -1.2910E-07	 -1.0208E-07	 -8.2734E-08	 
7.7658E-02	 6.4686E-02	 5.0970E-02	 3.9447E-02	 2.4643E-02	 1.5076E-02	 8.1487E-03	 3.9236E-03	 1.1248E-03	 -2.1236E-04	 -7.4719E-04	 -8.3452E-04	 -8.9449E-05	 6.9350E-05	 3.4899E-06	 -1.3526E-05	 -1.1072E-05	 -7.4773E-06	 -3.3482E-06	 -1.7719E-06	 -1.2235E-06	 -9.3747E-07	 -7.3228E-07	 -5.8185E-07	 -3.9552E-07	 -2.9071E-07	 -2.2322E-07	 -1.7653E-07	 -1.4307E-07	 
1.0778E-01	 9.2512E-02	 7.5574E-02	 5.9539E-02	 3.7272E-02	 2.2586E-02	 1.2722E-02	 6.9999E-03	 3.1783E-03	 1.0626E-03	 -1.5469E-04	 -7.4590E-04	 -1.8480E-04	 1.2646E-04	 1.1388E-05	 -2.2816E-05	 -1.9190E-05	 -1.2985E-05	 -5.7993E-06	 -2.9989E-06	 -2.0471E-06	 -1.5686E-06	 -1.2249E-06	 -9.7120E-07	 -6.5844E-07	 -4.8391E-07	 -3.7174E-07	 -2.9401E-07	 -2.3830E-07	 
2.6956E-01	 2.4384E-01	 2.0953E-01	 1.6954E-01	 1.1122E-01	 6.8697E-02	 3.8171E-02	 1.9261E-02	 7.3720E-03	 2.8712E-03	 1.6048E-03	 1.3609E-03	 1.1855E-03	 6.4699E-04	 1.6750E-04	 -3.8769E-05	 -7.0950E-05	 -5.4654E-05	 -2.3077E-05	 -9.6764E-06	 -4.7598E-06	 -3.0348E-06	 -2.2553E-06	 -1.7666E-06	 -1.1794E-06	 -8.2403E-07	 -6.2027E-07	 -4.9320E-07	 -4.0132E-07	 
E= 350 kev 
3.1271E-03	 2.4508E-03	 1.6859E-03	 1.1387E-03	 6.7574E-04	 3.4047E-04	 1.5941E-04	 6.8922E-05	 1.2708E-05	 -1.0221E-05	 -1.7817E-05	 -1.8006E-05	 -1.6921E-06	 1.1242E-06	 -1.2518E-07	 -3.9588E-07	 -3.1030E-07	 -2.1271E-07	 -9.7588E-08	 -5.1598E-08	 -3.5010E-08	 -2.6903E-08	 -2.1238E-08	 -1.6853E-08	 -1.1436E-08	 -8.3548E-09	 -6.4176E-09	 -5.0700E-09	 -4.1131E-09	 
2.9288E-02	 2.3458E-02	 1.6461E-02	 1.1755E-02	 7.2238E-03	 3.7545E-03	 1.7628E-03	 7.1864E-04	 6.8232E-05	 -1.7799E-04	 -2.4046E-04	 -2.2084E-04	 -1.5096E-05	 1.4537E-05	 2.5836E-07	 -3.1452E-06	 -2.5746E-06	 -1.7669E-06	 -8.0928E-07	 -4.2629E-07	 -2.8833E-07	 -2.2112E-07	 -1.7376E-07	 -1.3847E-07	 -9.4048E-08	 -6.8830E-08	 -5.2883E-08	 -4.1784E-08	 -3.3889E-08	 
5.7662E-02	 4.7112E-02	 3.4202E-02	 2.5236E-02	 1.6107E-02	 8.8225E-03	 4.3584E-03	 1.8699E-03	 2.4722E-04	 -4.0661E-04	 -5.9175E-04	 -5.5741E-04	 -4.5187E-05	 3.5267E-05	 2.5902E-07	 -8.1034E-06	 -6.5517E-06	 -4.4753E-06	 -2.0420E-06	 -1.0676E-06	 -7.1884E-07	 -5.5175E-07	 -4.3372E-07	 -3.4524E-07	 -2.3409E-07	 -1.7119E-07	 -1.3152E-07	 -1.0393E-07	 -8.4307E-08	 
8.0059E-02	 6.7442E-02	 5.1618E-02	 3.9716E-02	 2.6135E-02	 1.5167E-02	 8.1750E-03	 4.0462E-03	 1.1498E-03	 -2.1744E-04	 -7.6639E-04	 -8.6574E-04	 -9.2084E-05	 7.0990E-05	 3.4205E-06	 -1.4063E-05	 -1.1621E-05	 -7.9464E-06	 -3.6204E-06	 -1.8665E-06	 -1.2455E-06	 -9.5530E-07	 -7.5092E-07	 -5.9734E-07	 -4.0429E-07	 -2.9572E-07	 -2.2726E-07	 -1.7961E-07	 -1.4570E-07	 
1.1227E-01	 9.6910E-02	 7.6957E-02	 6.0166E-02	 3.9113E-02	 2.2820E-02	 1.2803E-02	 7.1562E-03	 3.2339E-03	 1.0755E-03	 -1.7173E-04	 -7.7743E-04	 -1.9195E-04	 1.2852E-04	 1.0780E-05	 -2.4095E-05	 -2.0399E-05	 -1.3962E-05	 -6.3553E-06	 -3.2147E-06	 -2.1114E-06	 -1.6188E-06	 -1.2730E-06	 -1.0107E-06	 -6.8168E-07	 -4.9842E-07	 -3.8322E-07	 -3.0290E-07	 -2.4575E-07	 
2.7490E-01	 2.5000E-01	 2.1186E-01	 1.7191E-01	 1.1494E-01	 6.9571E-02	 3.8499E-02	 1.9487E-02	 7.3719E-03	 2.8239E-03	 1.5429E-03	 1.3362E-03	 1.2045E-03	 6.5562E-04	 1.6825E-04	 -3.9633E-05	 -7.2668E-05	 -5.6212E-05	 -2.4483E-05	 -1.0081E-05	 -4.8881E-06	 -3.0776E-06	 -2.2947E-06	 -1.8847E-06	 -1.2446E-06	 -8.8745E-07	 -6.6555E-07	 -5.3687E-07	 -4.3506E-07	 
E= 400 kev 
3.1829E-03	 2.4970E-03	 1.7645E-03	 1.2436E-03	 6.7775E-04	 3.5455E-04	 1.7289E-04	 7.3246E-05	 1.5692E-05	 -9.2873E-06	 -1.7644E-05	 -1.7958E-05	 -1.5274E-06	 1.2966E-06	 -5.8528E-08	 -3.7360E-07	 -2.9994E-07	 -2.0831E-07	 -9.6802E-08	 -5.0483E-08	 -3.3237E-08	 -2.5289E-08	 -2.0066E-08	 -1.6162E-08	 -1.0858E-08	 -7.9002E-09	 -6.0673E-09	 -4.8024E-09	 -3.8884E-09	 
3.1118E-02	 2.4676E-02	 1.7327E-02	 1.2634E-02	 7.0817E-03	 3.7581E-03	 1.7935E-03	 6.8834E-04	 4.1478E-05	 -1.9831E-04	 -2.5602E-04	 -2.3180E-04	 -1.7786E-05	 1.3903E-05	 -4.2625E-07	 -3.7433E-06	 -2.9952E-06	 -2.0690E-06	 -9.5846E-07	 -4.9762E-07	 -3.2647E-07	 -2.4828E-07	 -1.9709E-07	 -1.5873E-07	 -1.0650E-07	 -7.7441E-08	 -5.9478E-08	 -4.7084E-08	 -3.8123E-08	 
5.9031E-02	 4.8213E-02	 3.4916E-02	 2.6949E-02	 1.6068E-02	 8.9937E-03	 4.5409E-03	 1.8868E-03	 2.4721E-04	 -4.2511E-04	 -6.1271E-04	 -5.7389E-04	 -4.7504E-05	 3.6231E-05	 2.7717E-08	 -8.6831E-06	 -7.0094E-06	 -4.8303E-06	 -2.2344E-06	 -1.1520E-06	 -7.5098E-07	 -5.7056E-07	 -4.5317E-07	 -3.6331E-07	 -2.4450E-07	 -1.7775E-07	 -1.3653E-07	 -1.0809E-07	 -8.7520E-08	 
8.1822E-02	 6.9024E-02	 5.2503E-02	 4.2207E-02	 2.6379E-02	 1.5563E-02	 8.5382E-03	 4.1552E-03	 1.2009E-03	 -2.1969E-04	 -7.8607E-04	 -8.8615E-04	 -9.4023E-05	 7.4348E-05	 3.9227E-06	 -1.4553E-05	 -1.2079E-05	 -8.3338E-06	 -3.8513E-06	 -1.9661E-06	 -1.2683E-06	 -9.6159E-07	 -7.6388E-07	 -6.0941E-07	 -4.1137E-07	 -2.9913E-07	 -2.2979E-07	 -1.8195E-07	 -1.4734E-07	 
1.1601E-01	 1.0003E-01	 7.8885E-02	 6.3298E-02	 3.9612E-02	 2.3335E-02	 1.3277E-02	 7.3320E-03	 3.3270E-03	 1.0987E-03	 -1.7761E-04	 -7.9764E-04	 -1.9695E-04	 1.3282E-04	 1.1125E-05	 -2.5315E-05	 -2.1419E-05	 -1.4795E-05	 -6.8524E-06	 -3.4455E-06	 -2.1818E-06	 -1.6478E-06	 -1.3108E-06	 -1.0455E-06	 -7.0250E-07	 -5.1011E-07	 -3.9199E-07	 -3.1049E-07	 -2.5142E-07	 
2.8404E-01	 2.5827E-01	 2.1641E-01	 1.7896E-01	 1.1721E-01	 7.1348E-02	 3.9769E-02	 1.9990E-02	 7.6248E-03	 2.8815E-03	 1.5730E-03	 1.3834E-03	 1.2431E-03	 6.7231E-04	 1.7217E-04	 -4.2304E-05	 -7.5698E-05	 -5.8819E-05	 -2.5687E-05	 -1.0757E-05	 -5.1121E-06	 -3.0959E-06	 -2.3906E-06	 -1.9322E-06	 -1.2935E-06	 -9.0835E-07	 -6.8824E-07	 -5.4068E-07	 -4.4868E-07	 
xx 
