Cs Z = 55 4d
E= 50 kev
0.1704E-01	0.1243E-01	0.8819E-02	0.5257E-02	0.2261E-02	0.7663E-03	0.1831E-03	-.5050E-04	-.1122E-03	-.9692E-04	-.6764E-04	-.4087E-04	0.6818E-05	0.4877E-05	0.1351E-05	0.4671E-06	0.2787E-06	0.2134E-06	0.1479E-06	0.1063E-06	0.7824E-07	0.5993E-07	0.4747E-07	0.3851E-07	0.2676E-07	0.1965E-07	0.1504E-07	0.1188E-07
0.1281E+00	0.9606E-01	0.6984E-01	0.4343E-01	0.1931E-01	0.7627E-02	0.2247E-02	-.1030E-03	-.8708E-03	-.8360E-03	-.6110E-03	-.3798E-03	0.6325E-04	0.4631E-04	0.1286E-04	0.4556E-05	0.2791E-05	0.2157E-05	0.1493E-05	0.1068E-05	0.7841E-06	0.6002E-06	0.4752E-06	0.3854E-06	0.2678E-06	0.1967E-06	0.1506E-06	0.1189E-06
0.2139E+00	0.1657E+00	0.1246E+00	0.8190E-01	0.4018E-01	0.1799E-01	0.6583E-02	0.1037E-02	-.1215E-02	-.1537E-02	-.1249E-02	-.8285E-03	0.1402E-03	0.1086E-03	0.2975E-04	0.1038E-04	0.6356E-05	0.4960E-05	0.3452E-05	0.2467E-05	0.1810E-05	0.1385E-05	0.1097E-05	0.8893E-06	0.6179E-06	0.4539E-06	0.3474E-06	0.2745E-06
0.2640E+00	0.2110E+00	0.1643E+00	0.1137E+00	0.6052E-01	0.2999E-01	0.1315E-01	0.4233E-02	-.2265E-03	-.1563E-02	-.1650E-02	-.1266E-02	0.2141E-03	0.1897E-03	0.4902E-04	0.1527E-04	0.9127E-05	0.7207E-05	0.5132E-05	0.3708E-05	0.2724E-05	0.2084E-05	0.1650E-05	0.1338E-05	0.9299E-06	0.6830E-06	0.5228E-06	0.4130E-06
0.3161E+00	0.2602E+00	0.2088E+00	0.1497E+00	0.8219E-01	0.4225E-01	0.2033E-01	0.8984E-02	0.2814E-02	0.1245E-03	-.1039E-02	-.1310E-02	0.2238E-03	0.2937E-03	0.6541E-04	0.1343E-04	0.7366E-05	0.6235E-05	0.4910E-05	0.3722E-05	0.2761E-05	0.2113E-05	0.1673E-05	0.1357E-05	0.9428E-06	0.6923E-06	0.5299E-06	0.4186E-06
0.5296E+00	0.4636E+00	0.3959E+00	0.3051E+00	0.1836E+00	0.1011E+00	0.4952E-01	0.2095E-01	0.6135E-02	0.2160E-02	0.1696E-02	0.1917E-02	0.1738E-02	0.8710E-03	0.2160E-03	-.5640E-05	-.3514E-04	-.2230E-04	-.4696E-05	0.1069E-05	0.2349E-05	0.2306E-05	0.1729E-05	0.1417E-05	0.9081E-06	0.6716E-06	0.5145E-06	0.4067E-06
E=100 kev
0.1511E-01	0.9829E-02	0.7005E-02	0.4363E-02	0.1738E-02	0.6254E-03	0.1351E-03	-.3262E-04	-.9374E-04	-.8111E-04	-.5675E-04	-.3439E-04	0.5717E-05	0.4309E-05	0.1314E-05	0.4807E-06	0.2612E-06	0.1810E-06	0.1216E-06	0.8941E-07	0.6580E-07	0.4990E-07	0.3935E-07	0.3187E-07	0.2218E-07	0.1630E-07	0.1248E-07	0.9856E-08
0.1134E+00	0.7630E-01	0.5570E-01	0.3594E-01	0.1557E-01	0.6233E-02	0.1722E-02	-.1290E-04	-.7291E-03	-.7000E-03	-.5123E-03	-.3190E-03	0.5294E-04	0.4068E-04	0.1237E-04	0.4653E-05	0.2613E-05	0.1827E-05	0.1233E-05	0.8993E-06	0.6602E-06	0.5001E-06	0.3942E-06	0.3193E-06	0.2221E-06	0.1632E-06	0.1250E-06	0.9873E-07
0.1883E+00	0.1324E+00	0.9983E-01	0.6760E-01	0.3249E-01	0.1471E-01	0.5187E-02	0.9962E-03	-.1044E-02	-.1291E-02	-.1047E-02	-.6949E-03	0.1175E-03	0.9485E-04	0.2838E-04	0.1061E-04	0.6014E-05	0.4220E-05	0.2855E-05	0.2080E-05	0.1526E-05	0.1155E-05	0.9100E-06	0.7369E-06	0.5127E-06	0.3768E-06	0.2885E-06	0.2279E-06
0.2310E+00	0.1693E+00	0.1322E+00	0.9370E-01	0.4913E-01	0.2458E-01	0.1054E-01	0.3651E-02	-.2440E-03	-.1321E-02	-.1383E-02	-.1059E-02	0.1796E-03	0.1649E-03	0.4654E-04	0.1589E-04	0.8778E-05	0.6139E-05	0.4235E-05	0.3124E-05	0.2296E-05	0.1737E-05	0.1368E-05	0.1108E-05	0.7708E-06	0.5664E-06	0.4336E-06	0.3426E-06
0.2747E+00	0.2098E+00	0.1687E+00	0.1233E+00	0.6698E-01	0.3473E-01	0.1651E-01	0.7571E-02	0.2293E-02	0.8252E-04	-.8696E-03	-.1090E-02	0.1891E-03	0.2539E-03	0.6181E-04	0.1492E-04	0.7302E-05	0.5242E-05	0.4029E-05	0.3126E-05	0.2329E-05	0.1763E-05	0.1388E-05	0.1124E-05	0.7819E-06	0.5745E-06	0.4397E-06	0.3473E-06
0.4595E+00	0.3823E+00	0.3252E+00	0.2518E+00	0.1502E+00	0.8297E-01	0.4031E-01	0.1724E-01	0.4969E-02	0.1672E-02	0.1361E-02	0.1567E-02	0.1443E-02	0.7245E-03	0.1856E-03	-.1450E-05	-.3057E-04	-.2121E-04	-.5657E-05	-.5874E-06	0.1197E-05	0.1631E-05	0.1363E-05	0.1150E-05	0.7677E-06	0.5588E-06	0.4149E-06	0.3265E-06
E=150 kev
0.1471E-01	0.8801E-02	0.6970E-02	0.3840E-02	0.1665E-02	0.5826E-03	0.1196E-03	-.4339E-04	-.8659E-04	-.7677E-04	-.5340E-04	-.3232E-04	0.5402E-05	0.4150E-05	0.1312E-05	0.5056E-06	0.2771E-06	0.1839E-06	0.1147E-06	0.8404E-07	0.6266E-07	0.4739E-07	0.3714E-07	0.3000E-07	0.2087E-07	0.1534E-07	0.1175E-07	0.9283E-08
0.1102E+00	0.6866E-01	0.5497E-01	0.3190E-01	0.1491E-01	0.5810E-02	0.1555E-02	-.1175E-03	-.6482E-03	-.6625E-03	-.4820E-03	-.2999E-03	0.4999E-04	0.3903E-04	0.1229E-04	0.4872E-05	0.2771E-05	0.1868E-05	0.1158E-05	0.8453E-06	0.6289E-06	0.4752E-06	0.3722E-06	0.3006E-06	0.2091E-06	0.1538E-06	0.1177E-06	0.9303E-07
0.1827E+00	0.1198E+00	0.9761E-01	0.6060E-01	0.3100E-01	0.1373E-01	0.4748E-02	0.7441E-03	-.9021E-03	-.1221E-02	-.9844E-03	-.6530E-03	0.1107E-03	0.9089E-04	0.2809E-04	0.1108E-04	0.6397E-05	0.4335E-05	0.2677E-05	0.1955E-05	0.1454E-05	0.1098E-05	0.8594E-06	0.6940E-06	0.4827E-06	0.3550E-06	0.2718E-06	0.2148E-06
0.2233E+00	0.1540E+00	0.1282E+00	0.8474E-01	0.4663E-01	0.2296E-01	0.9745E-02	0.3197E-02	-.1435E-03	-.1251E-02	-.1301E-02	-.9954E-03	0.1692E-03	0.1578E-03	0.4588E-04	0.1660E-04	0.9424E-05	0.6376E-05	0.3972E-05	0.2934E-05	0.2190E-05	0.1652E-05	0.1292E-05	0.1043E-05	0.7254E-06	0.5334E-06	0.4085E-06	0.3227E-06
0.2647E+00	0.1918E+00	0.1625E+00	0.1123E+00	0.6341E-01	0.3250E-01	0.1537E-01	0.6909E-02	0.2232E-02	0.7332E-04	-.8152E-03	-.1022E-02	0.1785E-03	0.2420E-03	0.6072E-04	0.1578E-04	0.8073E-05	0.5532E-05	0.3782E-05	0.2935E-05	0.2220E-05	0.1677E-05	0.1312E-05	0.1059E-05	0.7359E-06	0.5410E-06	0.4142E-06	0.3273E-06
0.4425E+00	0.3553E+00	0.3107E+00	0.2325E+00	0.1416E+00	0.7779E-01	0.3777E-01	0.1604E-01	0.4721E-02	0.1565E-02	0.1268E-02	0.1469E-02	0.1379E-02	0.6899E-03	0.1786E-03	-.7759E-06	-.2873E-04	-.2069E-04	-.5416E-05	0.5220E-06	0.1860E-05	0.1596E-05	0.1280E-05	0.1044E-05	0.7366E-06	0.5300E-06	0.4041E-06	0.3187E-06
E=200 kev
0.1474E-01	0.8685E-02	0.6529E-02	0.4057E-02	0.1515E-02	0.5640E-03	0.1285E-03	-.4272E-04	-.8677E-04	-.7548E-04	-.5263E-04	-.3218E-04	0.5299E-05	0.4107E-05	0.1332E-05	0.5292E-06	0.2972E-06	0.1964E-06	0.1154E-06	0.8252E-07	0.6198E-07	0.4714E-07	0.3647E-07	0.2966E-07	0.2058E-07	0.1513E-07	0.1159E-07	0.9157E-08
0.1104E+00	0.6777E-01	0.5177E-01	0.3338E-01	0.1375E-01	0.5649E-02	0.1630E-02	-.1112E-03	-.6769E-03	-.6516E-03	-.4751E-03	-.2981E-03	0.4906E-04	0.3869E-04	0.1244E-04	0.5086E-05	0.2969E-05	0.1997E-05	0.1167E-05	0.8297E-06	0.6222E-06	0.4729E-06	0.3656E-06	0.2973E-06	0.2063E-06	0.1517E-06	0.1162E-06	0.9180E-07
0.1828E+00	0.1182E+00	0.9255E-01	0.6267E-01	0.2902E-01	0.1334E-01	0.4833E-02	0.7380E-03	-.9622E-03	-.1202E-02	-.9714E-03	-.6482E-03	0.1089E-03	0.8996E-04	0.2837E-04	0.1153E-04	0.6850E-05	0.4650E-05	0.2704E-05	0.1918E-05	0.1439E-05	0.1093E-05	0.8440E-06	0.6865E-06	0.4763E-06	0.3503E-06	0.2682E-06	0.2120E-06
0.2232E+00	0.1519E+00	0.1223E+00	0.8671E-01	0.4418E-01	0.2238E-01	0.9767E-02	0.3148E-02	-.2283E-03	-.1234E-02	-.1285E-02	-.9868E-03	0.1666E-03	0.1561E-03	0.4622E-04	0.1725E-04	0.1011E-04	0.6892E-05	0.4025E-05	0.2875E-05	0.2164E-05	0.1645E-05	0.1268E-05	0.1032E-05	0.7153E-06	0.5261E-06	0.4029E-06	0.3184E-06
0.2641E+00	0.1891E+00	0.1559E+00	0.1139E+00	0.6061E-01	0.3176E-01	0.1530E-01	0.6798E-02	0.2112E-02	0.4704E-04	-.8079E-03	-.1014E-02	0.1758E-03	0.2391E-03	0.6099E-04	0.1643E-04	0.8753E-05	0.6070E-05	0.3837E-05	0.2876E-05	0.2191E-05	0.1670E-05	0.1287E-05	0.1047E-05	0.7259E-06	0.5337E-06	0.4087E-06	0.3229E-06
0.4413E+00	0.3511E+00	0.3015E+00	0.2325E+00	0.1371E+00	0.7620E-01	0.3728E-01	0.1575E-01	0.4554E-02	0.1426E-02	0.1235E-02	0.1424E-02	0.1356E-02	0.6825E-03	0.1766E-03	-.1248E-05	-.2820E-04	-.2001E-04	-.5236E-05	0.6275E-06	0.1954E-05	0.1598E-05	0.1225E-05	0.9835E-06	0.7001E-06	0.5283E-06	0.4024E-06	0.3177E-06
E=250 kev
0.1505E-01	0.9544E-02	0.6426E-02	0.3895E-02	0.1583E-02	0.5641E-03	0.1202E-03	-.4400E-04	-.8786E-04	-.7597E-04	-.5334E-04	-.3218E-04	0.5461E-05	0.4177E-05	0.1366E-05	0.5533E-06	0.3166E-06	0.2116E-06	0.1205E-06	0.8322E-07	0.6237E-07	0.4783E-07	0.3726E-07	0.2976E-07	0.2072E-07	0.1526E-07	0.1169E-07	0.9235E-08
0.1127E+00	0.7376E-01	0.5102E-01	0.3223E-01	0.1427E-01	0.5657E-02	0.1547E-02	-.1257E-03	-.6856E-03	-.6560E-03	-.4813E-03	-.2984E-03	0.5043E-04	0.3926E-04	0.1275E-04	0.5306E-05	0.3159E-05	0.2152E-05	0.1221E-05	0.8372E-06	0.6261E-06	0.4799E-06	0.3737E-06	0.2983E-06	0.2078E-06	0.1530E-06	0.1172E-06	0.9260E-07
0.1864E+00	0.1272E+00	0.9172E-01	0.6093E-01	0.2989E-01	0.1342E-01	0.4707E-02	0.7159E-03	-.9790E-03	-.1211E-02	-.9829E-03	-.6494E-03	0.1115E-03	0.9118E-04	0.2903E-04	0.1200E-04	0.7280E-05	0.5019E-05	0.2837E-05	0.1935E-05	0.1447E-05	0.1109E-05	0.8634E-06	0.6888E-06	0.4798E-06	0.3532E-06	0.2706E-06	0.2138E-06
0.2272E+00	0.1618E+00	0.1214E+00	0.8486E-01	0.4523E-01	0.2251E-01	0.9640E-02	0.3133E-02	-.2463E-03	-.1244E-02	-.1299E-02	-.9916E-03	0.1699E-03	0.1580E-03	0.4720E-04	0.1792E-04	0.1074E-04	0.7450E-05	0.4240E-05	0.2902E-05	0.2176E-05	0.1669E-05	0.1298E-05	0.1035E-05	0.7205E-06	0.5304E-06	0.4064E-06	0.3211E-06
0.2686E+00	0.1994E+00	0.1552E+00	0.1121E+00	0.6182E-01	0.3194E-01	0.1521E-01	0.6810E-02	0.2115E-02	0.6609E-04	-.8196E-03	-.1018E-02	0.1791E-03	0.2418E-03	0.6215E-04	0.1706E-04	0.9323E-05	0.6615E-05	0.4055E-05	0.2906E-05	0.2202E-05	0.1694E-05	0.1319E-05	0.1050E-05	0.7313E-06	0.5381E-06	0.4122E-06	0.3257E-06
0.4487E+00	0.3643E+00	0.3007E+00	0.2310E+00	0.1389E+00	0.7659E-01	0.3727E-01	0.1581E-01	0.4568E-02	0.1514E-02	0.1228E-02	0.1439E-02	0.1363E-02	0.6865E-03	0.1758E-03	-.1724E-05	-.2858E-04	-.1992E-04	-.5091E-05	0.5724E-06	0.1921E-05	0.1593E-05	0.1174E-05	0.9538E-06	0.7205E-06	0.5371E-06	0.4198E-06	0.3177E-06
E=300 kev
0.1550E-01	0.1070E-01	0.6521E-02	0.3878E-02	0.1509E-02	0.5689E-03	0.1237E-03	-.4565E-04	-.8981E-04	-.7704E-04	-.5431E-04	-.3299E-04	0.5548E-05	0.4286E-05	0.1405E-05	0.5761E-06	0.3357E-06	0.2273E-06	0.1274E-06	0.8534E-07	0.6346E-07	0.4895E-07	0.3835E-07	0.3063E-07	0.2116E-07	0.1555E-07	0.1192E-07	0.9423E-08
0.1160E+00	0.8190E-01	0.5180E-01	0.3216E-01	0.1375E-01	0.5713E-02	0.1583E-02	-.1362E-03	-.7012E-03	-.6650E-03	-.4899E-03	-.3057E-03	0.5123E-04	0.4025E-04	0.1308E-04	0.5521E-05	0.3346E-05	0.2311E-05	0.1293E-05	0.8593E-06	0.6372E-06	0.4911E-06	0.3848E-06	0.3073E-06	0.2122E-06	0.1559E-06	0.1196E-06	0.9452E-07
0.1917E+00	0.1397E+00	0.9270E-01	0.6097E-01	0.2916E-01	0.1394E-01	0.4824E-02	0.7113E-03	-.9953E-03	-.1229E-02	-.1000E-02	-.6648E-03	0.1133E-03	0.9343E-04	0.2980E-04	0.1248E-04	0.7699E-05	0.5383E-05	0.3013E-05	0.1989E-05	0.1473E-05	0.1135E-05	0.8896E-06	0.7098E-06	0.4901E-06	0.3601E-06	0.2762E-06	0.2183E-06
0.2335E+00	0.1757E+00	0.1228E+00	0.8518E-01	0.4457E-01	0.2321E-01	0.9887E-02	0.3167E-02	-.2459E-03	-.1263E-02	-.1321E-02	-.1013E-02	0.1728E-03	0.1617E-03	0.4841E-04	0.1859E-04	0.1134E-04	0.8000E-05	0.4526E-05	0.2986E-05	0.2213E-05	0.1708E-05	0.1339E-05	0.1067E-05	0.7356E-06	0.5406E-06	0.4147E-06	0.3277E-06
0.2757E+00	0.2144E+00	0.1569E+00	0.1128E+00	0.6136E-01	0.3286E-01	0.1554E-01	0.6918E-02	0.2143E-02	0.7202E-04	-.8287E-03	-.1034E-02	0.1822E-03	0.2473E-03	0.6364E-04	0.1766E-04	0.9842E-05	0.7123E-05	0.4342E-05	0.2990E-05	0.2239E-05	0.1733E-05	0.1360E-05	0.1083E-05	0.7465E-06	0.5485E-06	0.4206E-06	0.3324E-06
0.4603E+00	0.3841E+00	0.3052E+00	0.2332E+00	0.1394E+00	0.7789E-01	0.3797E-01	0.1605E-01	0.4609E-02	0.1543E-02	0.1255E-02	0.1451E-02	0.1390E-02	0.6976E-03	0.1790E-03	-.1529E-05	-.2898E-04	-.2018E-04	-.4948E-05	0.6321E-06	0.2013E-05	0.1644E-05	0.1240E-05	0.9789E-06	0.7281E-06	0.5367E-06	0.4197E-06	0.3336E-06
E=350 kev
0.1602E-01	0.1129E-01	0.6554E-02	0.3723E-02	0.1623E-02	0.5863E-03	0.1268E-03	-.4239E-04	-.9041E-04	-.7891E-04	-.5558E-04	-.3393E-04	0.5607E-05	0.4393E-05	0.1455E-05	0.6034E-06	0.3562E-06	0.2436E-06	0.1362E-06	0.8881E-07	0.6501E-07	0.5030E-07	0.3960E-07	0.3175E-07	0.2165E-07	0.1596E-07	0.1224E-07	0.9681E-08
0.1199E+00	0.8638E-01	0.5220E-01	0.3114E-01	0.1536E-01	0.5876E-02	0.1630E-02	-.1033E-03	-.7046E-03	-.6819E-03	-.5015E-03	-.3143E-03	0.5184E-04	0.4125E-04	0.1355E-04	0.5776E-05	0.3544E-05	0.2473E-05	0.1386E-05	0.8949E-06	0.6528E-06	0.5048E-06	0.3976E-06	0.3185E-06	0.2171E-06	0.1602E-06	0.1228E-06	0.9713E-07
0.1981E+00	0.1470E+00	0.9349E-01	0.5965E-01	0.3223E-01	0.1392E-01	0.4910E-02	0.7905E-03	-.1002E-02	-.1259E-02	-.1025E-02	-.6832E-03	0.1160E-03	0.9576E-04	0.3070E-04	0.1303E-04	0.8141E-05	0.5758E-05	0.3233E-05	0.2074E-05	0.1509E-05	0.1167E-05	0.9194E-06	0.7362E-06	0.5014E-06	0.3699E-06	0.2835E-06	0.2243E-06
0.2411E+00	0.1844E+00	0.1240E+00	0.8412E-01	0.4864E-01	0.2338E-01	0.9995E-02	0.3317E-02	-.2344E-03	-.1295E-02	-.1355E-02	-.1039E-02	0.1769E-03	0.1657E-03	0.4992E-04	0.1940E-04	0.1197E-04	0.8557E-05	0.4864E-05	0.3118E-05	0.2266E-05	0.1755E-05	0.1383E-05	0.1107E-05	0.7528E-06	0.5551E-06	0.4256E-06	0.3367E-06
0.2844E+00	0.2243E+00	0.1589E+00	0.1123E+00	0.6588E-01	0.3324E-01	0.1578E-01	0.7149E-02	0.2217E-02	0.6943E-04	-.8482E-03	-.1064E-02	0.1866E-03	0.2536E-03	0.6554E-04	0.1840E-04	0.1039E-04	0.7632E-05	0.4685E-05	0.3126E-05	0.2293E-05	0.1780E-05	0.1404E-05	0.1124E-05	0.7641E-06	0.5633E-06	0.4318E-06	0.3416E-06
0.4747E+00	0.3998E+00	0.3104E+00	0.2352E+00	0.1470E+00	0.7963E-01	0.3878E-01	0.1651E-01	0.4746E-02	0.1565E-02	0.1261E-02	0.1478E-02	0.1424E-02	0.7165E-03	0.1832E-03	-.1873E-05	-.2991E-04	-.2073E-04	-.4994E-05	0.8605E-06	0.2159E-05	0.1753E-05	0.1289E-05	0.1027E-05	0.7665E-06	0.5685E-06	0.4349E-06	0.3393E-06
E=400 kev
0.1655E-01	0.1157E-01	0.7034E-02	0.4236E-02	0.1685E-02	0.6019E-03	0.1296E-03	-.5055E-04	-.9502E-04	-.8093E-04	-.5735E-04	-.3477E-04	0.5637E-05	0.4570E-05	0.1519E-05	0.6239E-06	0.3744E-06	0.2602E-06	0.1459E-06	0.9303E-07	0.6702E-07	0.5179E-07	0.4098E-07	0.3289E-07	0.2241E-07	0.1646E-07	0.1262E-07	0.9976E-08
0.1238E+00	0.8861E-01	0.5575E-01	0.3499E-01	0.1520E-01	0.5881E-02	0.1641E-02	-.1625E-03	-.7440E-03	-.6991E-03	-.5175E-03	-.3211E-03	0.5206E-04	0.4288E-04	0.1404E-04	0.5968E-05	0.3725E-05	0.2636E-05	0.1483E-05	0.9382E-06	0.6732E-06	0.5198E-06	0.4113E-06	0.3302E-06	0.2248E-06	0.1652E-06	0.1266E-06	0.1001E-06
0.2048E+00	0.1510E+00	0.9893E-01	0.6599E-01	0.3189E-01	0.1405E-01	0.5012E-02	0.7282E-03	-.1063E-02	-.1294E-02	-.1057E-02	-.6995E-03	0.1158E-03	0.9913E-04	0.3188E-04	0.1345E-04	0.8547E-05	0.6132E-05	0.3466E-05	0.2177E-05	0.1556E-05	0.1202E-05	0.9510E-06	0.7632E-06	0.5192E-06	0.3815E-06	0.2924E-06	0.2312E-06
0.2492E+00	0.1896E+00	0.1298E+00	0.9165E-01	0.4833E-01	0.2371E-01	0.1030E-01	0.3312E-02	-.2730E-03	-.1333E-02	-.1397E-02	-.1064E-02	0.1779E-03	0.1712E-03	0.5174E-04	0.1997E-04	0.1255E-04	0.9102E-05	0.5231E-05	0.3282E-05	0.2338E-05	0.1806E-05	0.1431E-05	0.1147E-05	0.7793E-06	0.5724E-06	0.4388E-06	0.3470E-06
0.2939E+00	0.2307E+00	0.1651E+00	0.1208E+00	0.6614E-01	0.3379E-01	0.1628E-01	0.7256E-02	0.2253E-02	0.6813E-04	-.8823E-03	-.1090E-02	0.1884E-03	0.2619E-03	0.6787E-04	0.1889E-04	0.1086E-04	0.8127E-05	0.5046E-05	0.3291E-05	0.2366E-05	0.1832E-05	0.1453E-05	0.1165E-05	0.7911E-06	0.5808E-06	0.4451E-06	0.3520E-06
0.4912E+00	0.4123E+00	0.3220E+00	0.2487E+00	0.1488E+00	0.8154E-01	0.4001E-01	0.1691E-01	0.4863E-02	0.1586E-02	0.1262E-02	0.1523E-02	0.1460E-02	0.7334E-03	0.1872E-03	-.3951E-05	-.3071E-04	-.2233E-04	-.5403E-05	0.6202E-06	0.1816E-05	0.1592E-05	0.1301E-05	0.1042E-05	0.7400E-06	0.5585E-06	0.4319E-06	0.3437E-06
xx 
Ba Z = 56 4d
E= 50 kev
0.4314E-02	0.3478E-02	0.2702E-02	0.1869E-02	0.1019E-02	0.5460E-03	0.2801E-03	0.1330E-03	0.4826E-04	0.9997E-05	-.6022E-05	-.1006E-04	0.4013E-05	0.3991E-05	0.1212E-05	0.3987E-06	0.2258E-06	0.1713E-06	0.1182E-06	0.8590E-07	0.6337E-07	0.4855E-07	0.3846E-07	0.3120E-07	0.2169E-07	0.1593E-07	0.1219E-07	0.9633E-08
0.4022E-01	0.3312E-01	0.2625E-01	0.1869E-01	0.1057E-01	0.5731E-02	0.2863E-02	0.1236E-02	0.3176E-03	-.5075E-04	-.1685E-03	-.1680E-03	0.3637E-04	0.3965E-04	0.1161E-04	0.3663E-05	0.2078E-05	0.1596E-05	0.1116E-05	0.8112E-06	0.5979E-06	0.4577E-06	0.3625E-06	0.2941E-06	0.2044E-06	0.1501E-06	0.1149E-06	0.9077E-07
0.7627E-01	0.6468E-01	0.5296E-01	0.3941E-01	0.2369E-01	0.1350E-01	0.7052E-02	0.3200E-02	0.8706E-03	-.1111E-03	-.4399E-03	-.4511E-03	0.7412E-04	0.9402E-04	0.2646E-04	0.7694E-05	0.4274E-05	0.3316E-05	0.2364E-05	0.1730E-05	0.1276E-05	0.9761E-06	0.7730E-06	0.6272E-06	0.4359E-06	0.3201E-06	0.2450E-06	0.1936E-06
0.1070E+00	0.9328E-01	0.7872E-01	0.6066E-01	0.3789E-01	0.2253E-01	0.1259E-01	0.6458E-02	0.2377E-02	0.3795E-03	-.4847E-03	-.7046E-03	0.9671E-04	0.1663E-03	0.4395E-04	0.1056E-04	0.5465E-05	0.4356E-05	0.3252E-05	0.2435E-05	0.1804E-05	0.1381E-05	0.1093E-05	0.8872E-06	0.6167E-06	0.4529E-06	0.3466E-06	0.2738E-06
0.1518E+00	0.1356E+00	0.1167E+00	0.9098E-01	0.5604E-01	0.3276E-01	0.1867E-01	0.1067E-01	0.5370E-02	0.2321E-02	0.4693E-03	-.4701E-03	0.5762E-04	0.2659E-03	0.6428E-04	0.8902E-05	0.3348E-05	0.3106E-05	0.2838E-05	0.2330E-05	0.1763E-05	0.1351E-05	0.1069E-05	0.8680E-06	0.6033E-06	0.4429E-06	0.3389E-06	0.2677E-06
0.3428E+00	0.3196E+00	0.2878E+00	0.2347E+00	0.1520E+00	0.9040E-01	0.4880E-01	0.2400E-01	0.9476E-02	0.4363E-02	0.2948E-02	0.2573E-02	0.1716E-02	0.8732E-03	0.2484E-03	0.1206E-05	-.4180E-04	-.2928E-04	-.8965E-05	-.8367E-06	0.8253E-06	0.1223E-05	0.1001E-05	0.8285E-06	0.4664E-06	0.3446E-06	0.2637E-06	0.2092E-06
E=100 kev
0.3785E-02	0.2798E-02	0.2175E-02	0.1538E-02	0.8273E-03	0.4470E-03	0.2258E-03	0.1118E-03	0.3841E-04	0.7503E-05	-.5438E-05	-.8613E-05	0.3366E-05	0.3494E-05	0.1159E-05	0.4121E-06	0.2166E-06	0.1467E-06	0.9737E-07	0.7216E-07	0.5342E-07	0.4049E-07	0.3189E-07	0.2582E-07	0.1797E-07	0.1321E-07	0.1011E-07	0.7989E-08
0.3518E-01	0.2674E-01	0.2118E-01	0.1536E-01	0.8592E-02	0.4691E-02	0.2306E-02	0.1043E-02	0.2469E-03	-.4907E-04	-.1438E-03	-.1419E-03	0.3046E-04	0.3454E-04	0.1100E-04	0.3781E-05	0.2002E-05	0.1363E-05	0.9210E-06	0.6819E-06	0.5042E-06	0.3818E-06	0.3005E-06	0.2433E-06	0.1693E-06	0.1245E-06	0.9528E-07	0.7527E-07
0.6632E-01	0.5245E-01	0.4288E-01	0.3237E-01	0.1930E-01	0.1106E-01	0.5706E-02	0.2678E-02	0.6869E-03	-.1075E-03	-.3731E-03	-.3793E-03	0.6212E-04	0.8157E-04	0.2491E-04	0.8008E-05	0.4166E-05	0.2849E-05	0.1951E-05	0.1454E-05	0.1076E-05	0.8143E-06	0.6407E-06	0.5187E-06	0.3610E-06	0.2653E-06	0.2031E-06	0.1604E-06
0.9225E-01	0.7592E-01	0.6394E-01	0.4982E-01	0.3095E-01	0.1848E-01	0.1025E-01	0.5360E-02	0.1925E-02	0.2934E-03	-.4130E-03	-.5903E-03	0.8143E-04	0.1437E-03	0.4117E-04	0.1128E-04	0.5474E-05	0.3748E-05	0.2662E-05	0.2043E-05	0.1522E-05	0.1152E-05	0.9055E-06	0.7330E-06	0.5102E-06	0.3749E-06	0.2870E-06	0.2267E-06
0.1301E+00	0.1108E+00	0.9511E-01	0.7471E-01	0.4590E-01	0.2697E-01	0.1532E-01	0.8844E-02	0.4434E-02	0.1911E-02	0.3873E-03	-.3890E-03	0.5051E-04	0.2288E-03	0.5983E-04	0.1048E-04	0.3691E-05	0.2620E-05	0.2303E-05	0.1947E-05	0.1488E-05	0.1129E-05	0.8871E-06	0.7178E-06	0.4994E-06	0.3669E-06	0.2808E-06	0.2218E-06
0.2963E+00	0.2683E+00	0.2392E+00	0.1940E+00	0.1250E+00	0.7437E-01	0.4003E-01	0.1975E-01	0.7782E-02	0.3538E-02	0.2407E-02	0.2120E-02	0.1447E-02	0.7379E-03	0.2098E-03	0.2010E-05	-.3638E-04	-.2721E-04	-.9423E-05	-.1948E-05	0.2708E-06	0.8511E-06	0.7027E-06	0.6328E-06	0.4067E-06	0.2929E-06	0.2161E-06	0.1694E-06
E=150 kev
0.3665E-02	0.2550E-02	0.2104E-02	0.1392E-02	0.7864E-03	0.4175E-03	0.2094E-03	0.1014E-03	0.3731E-04	0.7106E-05	-.5320E-05	-.8131E-05	0.3165E-05	0.3347E-05	0.1147E-05	0.4297E-06	0.2305E-06	0.1510E-06	0.9202E-07	0.6784E-07	0.5087E-07	0.3852E-07	0.3013E-07	0.2431E-07	0.1691E-07	0.1244E-07	0.9523E-08	0.7525E-08
0.3400E-01	0.2444E-01	0.2041E-01	0.1396E-01	0.8149E-02	0.4383E-02	0.2137E-02	0.9411E-03	0.2477E-03	-.4870E-04	-.1360E-03	-.1336E-03	0.2863E-04	0.3305E-04	0.1084E-04	0.3936E-05	0.2137E-05	0.1418E-05	0.8677E-06	0.6408E-06	0.4802E-06	0.3633E-06	0.2840E-06	0.2291E-06	0.1593E-06	0.1172E-06	0.8974E-07	0.7091E-07
0.6384E-01	0.4816E-01	0.4105E-01	0.2960E-01	0.1824E-01	0.1033E-01	0.5300E-02	0.2439E-02	0.6727E-03	-.1048E-03	-.3520E-03	-.3568E-03	0.5840E-04	0.7793E-04	0.2448E-04	0.8334E-05	0.4476E-05	0.2981E-05	0.1835E-05	0.1365E-05	0.1025E-05	0.7751E-06	0.6053E-06	0.4882E-06	0.3395E-06	0.2497E-06	0.1912E-06	0.1511E-06
0.8843E-01	0.7000E-01	0.6088E-01	0.4582E-01	0.2918E-01	0.1729E-01	0.9556E-02	0.4946E-02	0.1824E-02	0.2663E-03	-.3910E-03	-.5547E-03	0.7667E-04	0.1370E-03	0.4032E-04	0.1177E-04	0.5970E-05	0.3975E-05	0.2514E-05	0.1916E-05	0.1450E-05	0.1096E-05	0.8555E-06	0.6897E-06	0.4794E-06	0.3527E-06	0.2700E-06	0.2133E-06
0.1244E+00	0.1026E+00	0.9014E-01	0.6901E-01	0.4320E-01	0.2526E-01	0.1433E-01	0.8249E-02	0.4172E-02	0.1794E-02	0.3653E-03	-.3628E-03	0.4821E-04	0.2175E-03	0.5830E-04	0.1112E-04	0.4295E-05	0.2893E-05	0.2174E-05	0.1823E-05	0.1415E-05	0.1074E-05	0.8388E-06	0.6760E-06	0.4696E-06	0.3452E-06	0.2643E-06	0.2088E-06
0.2838E+00	0.2519E+00	0.2261E+00	0.1803E+00	0.1171E+00	0.6951E-01	0.3739E-01	0.1845E-01	0.7270E-02	0.3327E-02	0.2269E-02	0.1996E-02	0.1363E-02	0.6914E-03	0.1982E-03	0.2732E-05	-.3322E-04	-.2576E-04	-.9074E-05	-.2067E-05	0.6978E-07	0.5731E-06	0.5925E-06	0.5287E-06	0.3602E-06	0.2710E-06	0.2112E-06	0.1635E-06
E=200 kev
0.3663E-02	0.2517E-02	0.2010E-02	0.1423E-02	0.7459E-03	0.4056E-03	0.2081E-03	0.9952E-04	0.3535E-04	0.6599E-05	-.5298E-05	-.8164E-05	0.3120E-05	0.3314E-05	0.1158E-05	0.4472E-06	0.2465E-06	0.1619E-06	0.9330E-07	0.6658E-07	0.5025E-07	0.3839E-07	0.2958E-07	0.2406E-07	0.1668E-07	0.1226E-07	0.9394E-08	0.7423E-08
0.3404E-01	0.2413E-01	0.1955E-01	0.1420E-01	0.7762E-02	0.4260E-02	0.2127E-02	0.9243E-03	0.2281E-03	-.4880E-04	-.1353E-03	-.1329E-03	0.2822E-04	0.3257E-04	0.1092E-04	0.4089E-05	0.2286E-05	0.1526E-05	0.8815E-06	0.6284E-06	0.4742E-06	0.3617E-06	0.2788E-06	0.2267E-06	0.1571E-06	0.1156E-06	0.8852E-07	0.6995E-07
0.6380E-01	0.4751E-01	0.3952E-01	0.2988E-01	0.1750E-01	0.1007E-01	0.5256E-02	0.2396E-02	0.6315E-03	-.1062E-03	-.3500E-03	-.3540E-03	0.5758E-04	0.7688E-04	0.2462E-04	0.8644E-05	0.4794E-05	0.3225E-05	0.1869E-05	0.1337E-05	0.1012E-05	0.7715E-06	0.5942E-06	0.4831E-06	0.3347E-06	0.2462E-06	0.1886E-06	0.1490E-06
0.8816E-01	0.6899E-01	0.5888E-01	0.4593E-01	0.2817E-01	0.1689E-01	0.9450E-02	0.4857E-02	0.1766E-02	0.2567E-03	-.3887E-03	-.5504E-03	0.7563E-04	0.1354E-03	0.4043E-04	0.1220E-04	0.6422E-05	0.4343E-05	0.2573E-05	0.1876E-05	0.1429E-05	0.1091E-05	0.8394E-06	0.6823E-06	0.4725E-06	0.3475E-06	0.2662E-06	0.2103E-06
0.1238E+00	0.1011E+00	0.8752E-01	0.6882E-01	0.4191E-01	0.2474E-01	0.1414E-01	0.8107E-02	0.4083E-02	0.1750E-02	0.3552E-03	-.3631E-03	0.4773E-04	0.2149E-03	0.5832E-04	0.1154E-04	0.4723E-05	0.3263E-05	0.2233E-05	0.1786E-05	0.1392E-05	0.1069E-05	0.8227E-06	0.6691E-06	0.4629E-06	0.3402E-06	0.2606E-06	0.2059E-06
0.2827E+00	0.2489E+00	0.2211E+00	0.1784E+00	0.1140E+00	0.6795E-01	0.3668E-01	0.1805E-01	0.7090E-02	0.3176E-02	0.2223E-02	0.1950E-02	0.1342E-02	0.6804E-03	0.1958E-03	0.2826E-05	-.3347E-04	-.2526E-04	-.8957E-05	-.2199E-05	-.2943E-07	0.7162E-06	0.5635E-06	0.4706E-06	0.3208E-06	0.2742E-06	0.2065E-06	0.1626E-06
E=250 kev
0.3733E-02	0.2673E-02	0.1988E-02	0.1393E-02	0.7633E-03	0.4094E-03	0.2067E-03	0.9949E-04	0.3507E-04	0.6520E-05	-.5394E-05	-.8163E-05	0.3173E-05	0.3358E-05	0.1183E-05	0.4652E-06	0.2615E-06	0.1748E-06	0.9812E-07	0.6732E-07	0.5051E-07	0.3886E-07	0.3028E-07	0.2413E-07	0.1680E-07	0.1236E-07	0.9473E-08	0.7485E-08
0.3459E-01	0.2545E-01	0.1936E-01	0.1394E-01	0.7926E-02	0.4299E-02	0.2112E-02	0.9233E-03	0.2240E-03	-.5011E-04	-.1371E-03	-.1333E-03	0.2877E-04	0.3311E-04	0.1116E-04	0.4249E-05	0.2425E-05	0.1648E-05	0.9292E-06	0.6354E-06	0.4765E-06	0.3666E-06	0.2855E-06	0.2274E-06	0.1583E-06	0.1165E-06	0.8927E-07	0.7054E-07
0.6477E-01	0.4967E-01	0.3936E-01	0.2947E-01	0.1780E-01	0.1015E-01	0.5235E-02	0.2396E-02	0.6250E-03	-.1092E-03	-.3540E-03	-.3568E-03	0.5865E-04	0.7799E-04	0.2511E-04	0.8968E-05	0.5083E-05	0.3487E-05	0.1977E-05	0.1353E-05	0.1016E-05	0.7820E-06	0.6087E-06	0.4844E-06	0.3371E-06	0.2481E-06	0.1901E-06	0.1503E-06
0.8940E-01	0.7152E-01	0.5863E-01	0.4551E-01	0.2854E-01	0.1701E-01	0.9436E-02	0.4869E-02	0.1765E-02	0.2581E-03	-.3939E-03	-.5595E-03	0.7686E-04	0.1369E-03	0.4122E-04	0.1263E-04	0.6811E-05	0.4709E-05	0.2734E-05	0.1898E-05	0.1433E-05	0.1106E-05	0.8608E-06	0.6846E-06	0.4757E-06	0.3500E-06	0.2682E-06	0.2120E-06
0.1254E+00	0.1040E+00	0.8730E-01	0.6842E-01	0.4242E-01	0.2487E-01	0.1416E-01	0.8145E-02	0.4102E-02	0.1770E-02	0.3534E-03	-.3631E-03	0.4818E-04	0.2170E-03	0.5929E-04	0.1194E-04	0.5036E-05	0.3591E-05	0.2389E-05	0.1809E-05	0.1396E-05	0.1083E-05	0.8448E-06	0.6716E-06	0.4662E-06	0.3428E-06	0.2626E-06	0.2075E-06
0.2869E+00	0.2542E+00	0.2213E+00	0.1783E+00	0.1150E+00	0.6836E-01	0.3681E-01	0.1812E-01	0.7120E-02	0.3274E-02	0.2221E-02	0.1974E-02	0.1344E-02	0.6826E-03	0.1963E-03	0.1159E-05	-.3424E-04	-.2528E-04	-.8904E-05	-.2215E-05	0.1256E-06	0.7480E-06	0.5686E-06	0.5090E-06	0.3426E-06	0.2679E-06	0.2126E-06	0.1604E-06
E=300 kev
0.3838E-02	0.2895E-02	0.2011E-02	0.1397E-02	0.7540E-03	0.4302E-03	0.2137E-03	0.1008E-03	0.3624E-04	0.6678E-05	-.5510E-05	-.8350E-05	0.3227E-05	0.3438E-05	0.1215E-05	0.4835E-06	0.2763E-06	0.1869E-06	0.1044E-06	0.6932E-07	0.5139E-07	0.3974E-07	0.3119E-07	0.2487E-07	0.1716E-07	0.1260E-07	0.9665E-08	0.7639E-08
0.3554E-01	0.2738E-01	0.1958E-01	0.1400E-01	0.7853E-02	0.4506E-02	0.2182E-02	0.9351E-03	0.2348E-03	-.5118E-04	-.1396E-03	-.1365E-03	0.2926E-04	0.3388E-04	0.1145E-04	0.4411E-05	0.2560E-05	0.1764E-05	0.9911E-06	0.6549E-06	0.4848E-06	0.3749E-06	0.2942E-06	0.2345E-06	0.1617E-06	0.1187E-06	0.9108E-07	0.7199E-07
0.6647E-01	0.5292E-01	0.3968E-01	0.2967E-01	0.1773E-01	0.1056E-01	0.5390E-02	0.2430E-02	0.6482E-03	-.1115E-03	-.3601E-03	-.3632E-03	0.5968E-04	0.8017E-04	0.2576E-04	0.9302E-05	0.5361E-05	0.3735E-05	0.2116E-05	0.1396E-05	0.1033E-05	0.7995E-06	0.6275E-06	0.4999E-06	0.3442E-06	0.2529E-06	0.1940E-06	0.1533E-06
0.9163E-01	0.7550E-01	0.5930E-01	0.4593E-01	0.2861E-01	0.1757E-01	0.9676E-02	0.4946E-02	0.1806E-02	0.2622E-03	-.3990E-03	-.5640E-03	0.7823E-04	0.1400E-03	0.4223E-04	0.1308E-04	0.7175E-05	0.5056E-05	0.2943E-05	0.1962E-05	0.1457E-05	0.1130E-05	0.8873E-06	0.7061E-06	0.4854E-06	0.3567E-06	0.2736E-06	0.2162E-06
0.1284E+00	0.1089E+00	0.8832E-01	0.6916E-01	0.4275E-01	0.2559E-01	0.1449E-01	0.8288E-02	0.4168E-02	0.1800E-02	0.3676E-03	-.3701E-03	0.4927E-04	0.2217E-03	0.6066E-04	0.1233E-04	0.5302E-05	0.3873E-05	0.2590E-05	0.1871E-05	0.1419E-05	0.1106E-05	0.8703E-06	0.6926E-06	0.4756E-06	0.3494E-06	0.2679E-06	0.2117E-06
0.2939E+00	0.2631E+00	0.2243E+00	0.1805E+00	0.1161E+00	0.6983E-01	0.3752E-01	0.1842E-01	0.7222E-02	0.3324E-02	0.2279E-02	0.2000E-02	0.1370E-02	0.6939E-03	0.1971E-03	0.1688E-05	-.3462E-04	-.2572E-04	-.8865E-05	-.2164E-05	0.2039E-06	0.7909E-06	0.6099E-06	0.5111E-06	0.3524E-06	0.2669E-06	0.2120E-06	0.1715E-06
E=350 kev
0.3965E-02	0.3043E-02	0.2051E-02	0.1381E-02	0.8251E-03	0.4246E-03	0.2106E-03	0.1045E-03	0.3700E-04	0.6789E-05	-.5691E-05	-.8678E-05	0.3324E-05	0.3527E-05	0.1254E-05	0.5046E-06	0.2917E-06	0.1996E-06	0.1119E-06	0.7246E-07	0.5268E-07	0.4080E-07	0.3220E-07	0.2581E-07	0.1755E-07	0.1294E-07	0.9919E-08	0.7847E-08
0.3670E-01	0.2873E-01	0.1985E-01	0.1390E-01	0.8537E-02	0.4460E-02	0.2151E-02	0.9710E-03	0.2392E-03	-.5210E-04	-.1432E-03	-.1406E-03	0.3017E-04	0.3474E-04	0.1180E-04	0.4601E-05	0.2702E-05	0.1884E-05	0.1063E-05	0.6850E-06	0.4969E-06	0.3848E-06	0.3037E-06	0.2433E-06	0.1654E-06	0.1219E-06	0.9347E-07	0.7395E-07
0.6858E-01	0.5537E-01	0.4011E-01	0.2965E-01	0.1904E-01	0.1054E-01	0.5361E-02	0.2514E-02	0.6613E-03	-.1141E-03	-.3696E-03	-.3738E-03	0.6149E-04	0.8185E-04	0.2654E-04	0.9692E-05	0.5652E-05	0.3989E-05	0.2275E-05	0.1462E-05	0.1059E-05	0.8205E-06	0.6477E-06	0.5188E-06	0.3522E-06	0.2596E-06	0.1991E-06	0.1575E-06
0.9444E-01	0.7872E-01	0.6004E-01	0.4616E-01	0.3037E-01	0.1768E-01	0.9722E-02	0.5093E-02	0.1847E-02	0.2673E-03	-.4103E-03	-.5795E-03	0.8043E-04	0.1436E-03	0.4345E-04	0.1362E-04	0.7554E-05	0.5401E-05	0.3172E-05	0.2058E-05	0.1493E-05	0.1159E-05	0.9155E-06	0.7329E-06	0.4968E-06	0.3661E-06	0.2807E-06	0.2221E-06
0.1323E+00	0.1132E+00	0.8958E-01	0.7030E-01	0.4488E-01	0.2593E-01	0.1465E-01	0.8506E-02	0.4273E-02	0.1843E-02	0.3684E-03	-.3790E-03	0.5111E-04	0.2275E-03	0.6237E-04	0.1280E-04	0.5575E-05	0.4149E-05	0.2810E-05	0.1965E-05	0.1454E-05	0.1134E-05	0.8978E-06	0.7192E-06	0.4871E-06	0.3587E-06	0.2749E-06	0.2175E-06
0.3029E+00	0.2725E+00	0.2282E+00	0.1836E+00	0.1207E+00	0.7109E-01	0.3814E-01	0.1889E-01	0.7399E-02	0.3398E-02	0.2310E-02	0.2043E-02	0.1406E-02	0.7128E-03	0.2032E-03	0.9103E-06	-.3619E-04	-.2680E-04	-.9261E-05	-.2234E-05	0.2114E-06	0.7888E-06	0.6337E-06	0.5008E-06	0.3599E-06	0.2768E-06	0.2167E-06	0.1731E-06
E=400 kev
0.4105E-02	0.3131E-02	0.2163E-02	0.1506E-02	0.8153E-03	0.4325E-03	0.2209E-03	0.1060E-03	0.3860E-04	0.6974E-05	-.5869E-05	-.8864E-05	0.3342E-05	0.3652E-05	0.1298E-05	0.5204E-06	0.3062E-06	0.2124E-06	0.1201E-06	0.7624E-07	0.5440E-07	0.4198E-07	0.3329E-07	0.2674E-07	0.1817E-07	0.1334E-07	0.1022E-07	0.8086E-08
0.3799E-01	0.2958E-01	0.2077E-01	0.1506E-01	0.8469E-02	0.4545E-02	0.2258E-02	0.9820E-03	0.2521E-03	-.5342E-04	-.1480E-03	-.1441E-03	0.3015E-04	0.3601E-04	0.1221E-04	0.4742E-05	0.2837E-05	0.2003E-05	0.1143E-05	0.7213E-06	0.5133E-06	0.3959E-06	0.3140E-06	0.2522E-06	0.1712E-06	0.1257E-06	0.9635E-07	0.7620E-07
0.7095E-01	0.5705E-01	0.4111E-01	0.3178E-01	0.1903E-01	0.1076E-01	0.5599E-02	0.2554E-02	0.6915E-03	-.1173E-03	-.3819E-03	-.3833E-03	0.6151E-04	0.8386E-04	0.2747E-04	0.9974E-05	0.5922E-05	0.4238E-05	0.2449E-05	0.1543E-05	0.1095E-05	0.8440E-06	0.6698E-06	0.5376E-06	0.3647E-06	0.2676E-06	0.2052E-06	0.1623E-06
0.9762E-01	0.8113E-01	0.6158E-01	0.4896E-01	0.3058E-01	0.1809E-01	0.1010E-01	0.5204E-02	0.1910E-02	0.2734E-03	-.4252E-03	-.5943E-03	0.8104E-04	0.1473E-03	0.4495E-04	0.1398E-04	0.7897E-05	0.5734E-05	0.3426E-05	0.2181E-05	0.1543E-05	0.1191E-05	0.9465E-06	0.7595E-06	0.5145E-06	0.3771E-06	0.2892E-06	0.2288E-06
0.1366E+00	0.1167E+00	0.9186E-01	0.7348E-01	0.4540E-01	0.2649E-01	0.1519E-01	0.8724E-02	0.4414E-02	0.1887E-02	0.3771E-03	-.3881E-03	0.5132E-04	0.2333E-03	0.6446E-04	0.1310E-04	0.5813E-05	0.4409E-05	0.3041E-05	0.2085E-05	0.1505E-05	0.1166E-05	0.9279E-06	0.7453E-06	0.5044E-06	0.3696E-06	0.2833E-06	0.2241E-06
0.3130E+00	0.2814E+00	0.2328E+00	0.1914E+00	0.1230E+00	0.7287E-01	0.3941E-01	0.1944E-01	0.7649E-02	0.3479E-02	0.2365E-02	0.2110E-02	0.1449E-02	0.7302E-03	0.2086E-03	0.6419E-06	-.3754E-04	-.2755E-04	-.9273E-05	-.2229E-05	0.2258E-06	0.8567E-06	0.7186E-06	0.5555E-06	0.3750E-06	0.2915E-06	0.2223E-06	0.1873E-06
xx 
La Z = 57 4d
E= 50 kev
0.2124E-02	0.1817E-02	0.1491E-02	0.1114E-02	0.6898E-03	0.4224E-03	0.2528E-03	0.1473E-03	0.7345E-04	0.3196E-04	0.8943E-05	-.1758E-05	0.2070E-05	0.3390E-05	0.1072E-05	0.2975E-06	0.1486E-06	0.1095E-06	0.7854E-07	0.5875E-07	0.4374E-07	0.3354E-07	0.2658E-07	0.2158E-07	0.1500E-07	0.1102E-07	0.8434E-08	0.6662E-08
0.2047E-01	0.1782E-01	0.1490E-01	0.1140E-01	0.7260E-02	0.4464E-02	0.2607E-02	0.1426E-02	0.6168E-03	0.1966E-03	-.7461E-05	-.8350E-04	0.1613E-04	0.3426E-04	0.1045E-04	0.2693E-05	0.1311E-05	0.9872E-06	0.7199E-06	0.5414E-06	0.4032E-06	0.3090E-06	0.2448E-06	0.1987E-06	0.1382E-06	0.1015E-06	0.7766E-07	0.6135E-07
0.4155E-01	0.3696E-01	0.3171E-01	0.2509E-01	0.1661E-01	0.1052E-01	0.6291E-02	0.3500E-02	0.1501E-02	0.4425E-03	-.7098E-04	-.2568E-03	0.2489E-04	0.8196E-04	0.2410E-04	0.5477E-05	0.2499E-05	0.1935E-05	0.1459E-05	0.1115E-05	0.8333E-06	0.6385E-06	0.5058E-06	0.4105E-06	0.2854E-06	0.2096E-06	0.1604E-06	0.1267E-06
0.6455E-01	0.5852E-01	0.5119E-01	0.4119E-01	0.2753E-01	0.1774E-01	0.1101E-01	0.6555E-02	0.3168E-02	0.1191E-02	0.1079E-03	-.3691E-03	0.1145E-04	0.1471E-03	0.4160E-04	0.7377E-05	0.2754E-05	0.2262E-05	0.1876E-05	0.1504E-05	0.1138E-05	0.8724E-06	0.6909E-06	0.5609E-06	0.3900E-06	0.2864E-06	0.2191E-06	0.1731E-06
0.1044E+00	0.9607E-01	0.8478E-01	0.6773E-01	0.4337E-01	0.2674E-01	0.1641E-01	0.1037E-01	0.6016E-02	0.3202E-02	0.1247E-02	0.5606E-04	-.5946E-04	0.2403E-03	0.6622E-04	0.6323E-05	0.4001E-06	0.8291E-06	0.1333E-05	0.1320E-05	0.1048E-05	0.8069E-06	0.6388E-06	0.5188E-06	0.3608E-06	0.2648E-06	0.2025E-06	0.1600E-06
0.2834E+00	0.2696E+00	0.2472E+00	0.2054E+00	0.1370E+00	0.8461E-01	0.4803E-01	0.2528E-01	0.1090E-01	0.5296E-02	0.3440E-02	0.2842E-02	0.1749E-02	0.8751E-03	0.2691E-03	0.1431E-04	-.4256E-04	-.3587E-04	-.1177E-04	-.2818E-05	-.1908E-06	0.3635E-06	0.4307E-06	0.3354E-06	0.1204E-06	0.8596E-07	0.6715E-07	0.5480E-07
E=100 kev
0.1853E-02	0.1477E-02	0.1208E-02	0.9140E-03	0.5620E-03	0.3460E-03	0.2054E-03	0.1218E-03	0.5977E-04	0.2576E-04	0.7085E-05	-.1682E-05	0.1734E-05	0.2948E-05	0.1012E-05	0.3133E-06	0.1473E-06	0.9631E-07	0.6426E-07	0.4918E-07	0.3686E-07	0.2799E-07	0.2202E-07	0.1782E-07	0.1241E-07	0.9120E-08	0.6981E-08	0.5515E-08
0.1779E-01	0.1452E-01	0.1209E-01	0.9358E-02	0.5918E-02	0.3656E-02	0.2119E-02	0.1181E-02	0.4989E-03	0.1562E-03	-.9643E-05	-.7138E-04	0.1350E-04	0.2969E-04	0.9794E-05	0.2839E-05	0.1309E-05	0.8654E-06	0.5856E-06	0.4532E-06	0.3399E-06	0.2579E-06	0.2028E-06	0.1641E-06	0.1142E-06	0.8397E-07	0.6428E-07	0.5078E-07
0.3581E-01	0.3021E-01	0.2581E-01	0.2058E-01	0.1357E-01	0.8624E-02	0.5123E-02	0.2890E-02	0.1218E-02	0.3519E-03	-.6637E-04	-.2172E-03	0.2092E-04	0.7079E-04	0.2241E-04	0.5834E-05	0.2543E-05	0.1692E-05	0.1181E-05	0.9331E-06	0.7029E-06	0.5330E-06	0.4187E-06	0.3388E-06	0.2358E-06	0.1733E-06	0.1327E-06	0.1048E-06
0.5523E-01	0.4796E-01	0.4175E-01	0.3379E-01	0.2254E-01	0.1456E-01	0.9010E-02	0.5398E-02	0.2592E-02	0.9671E-03	0.7984E-04	-.3108E-03	0.1019E-04	0.1266E-03	0.3845E-04	0.8128E-05	0.2976E-05	0.1974E-05	0.1505E-05	0.1256E-05	0.9603E-06	0.7285E-06	0.5719E-06	0.4626E-06	0.3219E-06	0.2366E-06	0.1811E-06	0.1430E-06
0.8907E-01	0.7911E-01	0.6931E-01	0.5555E-01	0.3558E-01	0.2202E-01	0.1352E-01	0.8558E-02	0.4988E-02	0.2644E-02	0.1035E-02	0.4950E-04	-.4710E-04	0.2062E-03	0.6074E-04	0.7889E-05	0.1004E-05	0.6863E-06	0.1038E-05	0.1093E-05	0.8852E-06	0.6761E-06	0.5303E-06	0.4286E-06	0.2982E-06	0.2190E-06	0.1675E-06	0.1323E-06
0.2450E+00	0.2282E+00	0.2066E+00	0.1701E+00	0.1128E+00	0.6971E-01	0.3954E-01	0.2079E-01	0.8977E-02	0.4346E-02	0.2840E-02	0.2352E-02	0.1477E-02	0.7452E-03	0.2319E-03	0.1219E-04	-.3885E-04	-.3437E-04	-.1228E-04	-.3638E-05	-.7070E-06	0.2747E-06	0.2757E-06	0.2013E-06	0.1251E-06	0.8899E-07	0.5986E-07	0.4680E-07
E=150 kev
0.1781E-02	0.1359E-02	0.1154E-02	0.8369E-03	0.5303E-03	0.3234E-03	0.1914E-03	0.1125E-03	0.5620E-04	0.2411E-04	0.6522E-05	-.1623E-05	0.1629E-05	0.2813E-05	0.9952E-06	0.3262E-06	0.1586E-06	0.1006E-06	0.6091E-07	0.4621E-07	0.3510E-07	0.2665E-07	0.2080E-07	0.1677E-07	0.1166E-07	0.8576E-08	0.6567E-08	0.5188E-08
0.1707E-01	0.1339E-01	0.1152E-01	0.8593E-02	0.5578E-02	0.3418E-02	0.1973E-02	0.1089E-02	0.4720E-03	0.1466E-03	-.1063E-04	-.6740E-04	0.1266E-04	0.2831E-04	0.9602E-05	0.2950E-05	0.1418E-05	0.9100E-06	0.5582E-06	0.4256E-06	0.3236E-06	0.2456E-06	0.1916E-06	0.1544E-06	0.1073E-06	0.7893E-07	0.6044E-07	0.4776E-07
0.3426E-01	0.2795E-01	0.2447E-01	0.1898E-01	0.1276E-01	0.8065E-02	0.4778E-02	0.2676E-02	0.1147E-02	0.3290E-03	-.6567E-04	-.2047E-03	0.1965E-04	0.6745E-04	0.2191E-04	0.6065E-05	0.2784E-05	0.1799E-05	0.1129E-05	0.8753E-06	0.6690E-06	0.5074E-06	0.3955E-06	0.3186E-06	0.2214E-06	0.1629E-06	0.1247E-06	0.9853E-07
0.5270E-01	0.4449E-01	0.3946E-01	0.3127E-01	0.2117E-01	0.1363E-01	0.8417E-02	0.5029E-02	0.2420E-02	0.9001E-03	0.7153E-04	-.2923E-03	0.9671E-05	0.1205E-03	0.3744E-04	0.8485E-05	0.3356E-05	0.2156E-05	0.1442E-05	0.1175E-05	0.9125E-06	0.6933E-06	0.5403E-06	0.4349E-06	0.3021E-06	0.2222E-06	0.1701E-06	0.1344E-06
0.8494E-01	0.7364E-01	0.6534E-01	0.5153E-01	0.3340E-01	0.2064E-01	0.1266E-01	0.8028E-02	0.4661E-02	0.2487E-02	0.9738E-03	0.4947E-04	-.4353E-04	0.1958E-03	0.5891E-04	0.8376E-05	0.1486E-05	0.9039E-06	0.9971E-06	0.1019E-05	0.8391E-06	0.6431E-06	0.5019E-06	0.4037E-06	0.2800E-06	0.2058E-06	0.1575E-06	0.1244E-06
0.2346E+00	0.2154E+00	0.1950E+00	0.1586E+00	0.1055E+00	0.6517E-01	0.3696E-01	0.1946E-01	0.8387E-02	0.4069E-02	0.2659E-02	0.2211E-02	0.1393E-02	0.7022E-03	0.2193E-03	0.1087E-04	-.3733E-04	-.3302E-04	-.1236E-04	-.3532E-05	-.7255E-06	0.6696E-07	0.1121E-06	0.1249E-06	0.1126E-06	0.7013E-07	0.6355E-07	0.4493E-07
E=200 kev
0.1781E-02	0.1341E-02	0.1112E-02	0.8431E-03	0.5107E-03	0.3154E-03	0.1890E-03	0.1104E-03	0.5472E-04	0.2350E-04	0.6310E-05	-.1663E-05	0.1603E-05	0.2787E-05	0.1004E-05	0.3387E-06	0.1699E-06	0.1088E-06	0.6245E-07	0.4527E-07	0.3456E-07	0.2655E-07	0.2041E-07	0.1659E-07	0.1149E-07	0.8447E-08	0.6472E-08	0.5114E-08
0.1705E-01	0.1321E-01	0.1113E-01	0.8625E-02	0.5384E-02	0.3335E-02	0.1949E-02	0.1069E-02	0.4572E-03	0.1438E-03	-.1102E-04	-.6734E-04	0.1247E-04	0.2802E-04	0.9673E-05	0.3062E-05	0.1521E-05	0.9884E-06	0.5729E-06	0.4164E-06	0.3185E-06	0.2446E-06	0.1880E-06	0.1528E-06	0.1057E-06	0.7774E-07	0.5957E-07	0.4707E-07
0.3415E-01	0.2755E-01	0.2373E-01	0.1896E-01	0.1237E-01	0.7879E-02	0.4712E-02	0.2626E-02	0.1115E-02	0.3220E-03	-.6579E-04	-.2037E-03	0.1936E-04	0.6670E-04	0.2201E-04	0.6282E-05	0.2996E-05	0.1971E-05	0.1163E-05	0.8553E-06	0.6575E-06	0.5055E-06	0.3880E-06	0.3153E-06	0.2181E-06	0.1604E-06	0.1229E-06	0.9708E-07
0.5242E-01	0.4382E-01	0.3837E-01	0.3110E-01	0.2059E-01	0.1334E-01	0.8288E-02	0.4936E-02	0.2375E-02	0.8801E-03	0.6781E-04	-.2916E-03	0.9593E-05	0.1190E-03	0.3751E-04	0.8775E-05	0.3644E-05	0.2399E-05	0.1496E-05	0.1148E-05	0.8957E-06	0.6907E-06	0.5298E-06	0.4304E-06	0.2974E-06	0.2187E-06	0.1675E-06	0.1323E-06
0.8440E-01	0.7251E-01	0.6369E-01	0.5111E-01	0.3259E-01	0.2024E-01	0.1246E-01	0.7890E-02	0.4587E-02	0.2430E-02	0.9552E-03	0.4221E-04	-.4270E-04	0.1934E-03	0.5885E-04	0.8684E-05	0.1744E-05	0.1134E-05	0.1049E-05	0.9991E-06	0.8198E-06	0.6397E-06	0.4917E-06	0.3998E-06	0.2759E-06	0.2026E-06	0.1551E-06	0.1225E-06
0.2337E+00	0.2130E+00	0.1913E+00	0.1564E+00	0.1033E+00	0.6379E-01	0.3625E-01	0.1908E-01	0.8219E-02	0.3904E-02	0.2619E-02	0.2163E-02	0.1371E-02	0.6915E-03	0.2161E-03	0.1014E-04	-.3790E-04	-.3239E-04	-.1185E-04	-.3429E-05	-.1049E-05	-.1766E-06	0.9243E-07	0.9189E-07	0.7510E-07	0.7522E-07	0.6145E-07	0.4687E-07
E=250 kev
0.1808E-02	0.1398E-02	0.1103E-02	0.8324E-03	0.5181E-03	0.3179E-03	0.1889E-03	0.1107E-03	0.5483E-04	0.2354E-04	0.6277E-05	-.1708E-05	0.1625E-05	0.2818E-05	0.1021E-05	0.3515E-06	0.1802E-06	0.1173E-06	0.6615E-07	0.4590E-07	0.3468E-07	0.2680E-07	0.2092E-07	0.1663E-07	0.1156E-07	0.8510E-08	0.6521E-08	0.5154E-08
0.1732E-01	0.1371E-01	0.1105E-01	0.8535E-02	0.5456E-02	0.3360E-02	0.1947E-02	0.1071E-02	0.4571E-03	0.1414E-03	-.1164E-04	-.6754E-04	0.1270E-04	0.2834E-04	0.9833E-05	0.3174E-05	0.1612E-05	0.1068E-05	0.6086E-06	0.4226E-06	0.3194E-06	0.2470E-06	0.1927E-06	0.1531E-06	0.1064E-06	0.7831E-07	0.6001E-07	0.4743E-07
0.3465E-01	0.2840E-01	0.2369E-01	0.1882E-01	0.1251E-01	0.7934E-02	0.4714E-02	0.2632E-02	0.1116E-02	0.3190E-03	-.6721E-04	-.2042E-03	0.1977E-04	0.6742E-04	0.2238E-04	0.6502E-05	0.3176E-05	0.2133E-05	0.1241E-05	0.8683E-06	0.6589E-06	0.5103E-06	0.3978E-06	0.3159E-06	0.2195E-06	0.1615E-06	0.1237E-06	0.9780E-07
0.5312E-01	0.4492E-01	0.3828E-01	0.3096E-01	0.2079E-01	0.1342E-01	0.8306E-02	0.4955E-02	0.2384E-02	0.8866E-03	0.6625E-04	-.2928E-03	0.9748E-05	0.1202E-03	0.3811E-04	0.9066E-05	0.3872E-05	0.2617E-05	0.1607E-05	0.1168E-05	0.8964E-06	0.6971E-06	0.5441E-06	0.4328E-06	0.2993E-06	0.2201E-06	0.1687E-06	0.1333E-06
0.8548E-01	0.7400E-01	0.6368E-01	0.5098E-01	0.3287E-01	0.2036E-01	0.1251E-01	0.7932E-02	0.4617E-02	0.2456E-02	0.9580E-03	0.4867E-04	-.4361E-04	0.1951E-03	0.5968E-04	0.8951E-05	0.1890E-05	0.1298E-05	0.1148E-05	0.1017E-05	0.8202E-06	0.6454E-06	0.5056E-06	0.4021E-06	0.2778E-06	0.2040E-06	0.1563E-06	0.1235E-06
0.2373E+00	0.2166E+00	0.1917E+00	0.1566E+00	0.1038E+00	0.6412E-01	0.3638E-01	0.1916E-01	0.8266E-02	0.4016E-02	0.2620E-02	0.2198E-02	0.1374E-02	0.6970E-03	0.2164E-03	0.9437E-05	-.3832E-04	-.3292E-04	-.1175E-04	-.3608E-05	-.1094E-05	-.2369E-06	0.3588E-07	0.1005E-06	0.5426E-07	0.6997E-07	0.6148E-07	0.4768E-07
E=300 kev
0.1856E-02	0.1486E-02	0.1116E-02	0.8380E-03	0.5174E-03	0.3289E-03	0.1936E-03	0.1125E-03	0.5587E-04	0.2397E-04	0.6397E-05	-.1760E-05	0.1653E-05	0.2883E-05	0.1047E-05	0.3647E-06	0.1901E-06	0.1258E-06	0.7087E-07	0.4746E-07	0.3529E-07	0.2738E-07	0.2154E-07	0.1719E-07	0.1180E-07	0.8670E-08	0.6650E-08	0.5256E-08
0.1774E-01	0.1449E-01	0.1117E-01	0.8602E-02	0.5458E-02	0.3472E-02	0.1996E-02	0.1088E-02	0.4672E-03	0.1439E-03	-.1189E-04	-.6931E-04	0.1291E-04	0.2905E-04	0.1008E-04	0.3291E-05	0.1699E-05	0.1146E-05	0.6540E-06	0.4373E-06	0.3249E-06	0.2522E-06	0.1984E-06	0.1583E-06	0.1086E-06	0.7978E-07	0.6119E-07	0.4837E-07
0.3548E-01	0.2981E-01	0.2389E-01	0.1900E-01	0.1256E-01	0.8168E-02	0.4824E-02	0.2675E-02	0.1139E-02	0.3245E-03	-.6826E-04	-.2092E-03	0.2009E-04	0.6893E-04	0.2293E-04	0.6734E-05	0.3344E-05	0.2293E-05	0.1340E-05	0.9002E-06	0.6700E-06	0.5208E-06	0.4099E-06	0.3267E-06	0.2238E-06	0.1645E-06	0.1262E-06	0.9972E-07
0.5436E-01	0.4684E-01	0.3873E-01	0.3131E-01	0.2094E-01	0.1376E-01	0.8481E-02	0.5040E-02	0.2423E-02	0.9019E-03	0.6934E-04	-.2988E-03	0.1005E-04	0.1229E-03	0.3897E-04	0.9374E-05	0.4072E-05	0.2820E-05	0.1748E-05	0.1213E-05	0.9112E-06	0.7109E-06	0.5602E-06	0.4459E-06	0.3051E-06	0.2242E-06	0.1719E-06	0.1359E-06
0.8746E-01	0.7674E-01	0.6434E-01	0.5159E-01	0.3317E-01	0.2081E-01	0.1276E-01	0.8077E-02	0.4683E-02	0.2499E-02	0.9825E-03	0.4708E-04	-.4407E-04	0.1992E-03	0.6100E-04	0.9234E-05	0.1990E-05	0.1425E-05	0.1270E-05	0.1059E-05	0.8339E-06	0.6573E-06	0.5203E-06	0.4143E-06	0.2832E-06	0.2079E-06	0.1593E-06	0.1259E-06
0.2430E+00	0.2230E+00	0.1944E+00	0.1587E+00	0.1051E+00	0.6535E-01	0.3704E-01	0.1948E-01	0.8374E-02	0.4079E-02	0.2686E-02	0.2207E-02	0.1400E-02	0.7071E-03	0.2193E-03	0.9130E-05	-.3955E-04	-.3364E-04	-.1198E-04	-.3644E-05	-.9901E-06	-.1106E-06	0.1016E-06	0.6652E-07	0.4746E-07	0.6766E-07	0.6654E-07	0.5383E-07
E=350 kev
0.1915E-02	0.1554E-02	0.1121E-02	0.8389E-03	0.5525E-03	0.3301E-03	0.1949E-03	0.1157E-03	0.5714E-04	0.2450E-04	0.6479E-05	-.1890E-05	0.1697E-05	0.2958E-05	0.1079E-05	0.3798E-06	0.2002E-06	0.1343E-06	0.7611E-07	0.4981E-07	0.3619E-07	0.2808E-07	0.2222E-07	0.1782E-07	0.1208E-07	0.8899E-08	0.6822E-08	0.5397E-08
0.1830E-01	0.1513E-01	0.1125E-01	0.8636E-02	0.5806E-02	0.3489E-02	0.2008E-02	0.1120E-02	0.4779E-03	0.1471E-03	-.1271E-04	-.7164E-04	0.1328E-04	0.2973E-04	0.1038E-04	0.3426E-05	0.1790E-05	0.1223E-05	0.7034E-06	0.4594E-06	0.3332E-06	0.2586E-06	0.2047E-06	0.1641E-06	0.1112E-06	0.8188E-07	0.6278E-07	0.4966E-07
0.3656E-01	0.3104E-01	0.2413E-01	0.1915E-01	0.1325E-01	0.8268E-02	0.4873E-02	0.2753E-02	0.1166E-02	0.3310E-03	-.7128E-04	-.2154E-03	0.2066E-04	0.7070E-04	0.2359E-04	0.7003E-05	0.3519E-05	0.2450E-05	0.1444E-05	0.9472E-06	0.6871E-06	0.5338E-06	0.4227E-06	0.3387E-06	0.2292E-06	0.1688E-06	0.1294E-06	0.1024E-06
0.5596E-01	0.4865E-01	0.3924E-01	0.3191E-01	0.2195E-01	0.1398E-01	0.8611E-02	0.5172E-02	0.2482E-02	0.9210E-03	0.7208E-04	-.3069E-03	0.1027E-04	0.1260E-03	0.4010E-04	0.9737E-05	0.4278E-05	0.3013E-05	0.1892E-05	0.1279E-05	0.9346E-06	0.7279E-06	0.5774E-06	0.4625E-06	0.3124E-06	0.2299E-06	0.1763E-06	0.1394E-06
0.9002E-01	0.7954E-01	0.6530E-01	0.5250E-01	0.3461E-01	0.2121E-01	0.1300E-01	0.8276E-02	0.4801E-02	0.2556E-02	0.9981E-03	0.4906E-04	-.4452E-04	0.2044E-03	0.6267E-04	0.9556E-05	0.2079E-05	0.1533E-05	0.1397E-05	0.1119E-05	0.8556E-06	0.6726E-06	0.5361E-06	0.4301E-06	0.2901E-06	0.2133E-06	0.1634E-06	0.1292E-06
0.2505E+00	0.2305E+00	0.1982E+00	0.1619E+00	0.1087E+00	0.6671E-01	0.3778E-01	0.1996E-01	0.8582E-02	0.4159E-02	0.2727E-02	0.2267E-02	0.1439E-02	0.7265E-03	0.2250E-03	0.8390E-05	-.4143E-04	-.3502E-04	-.1254E-04	-.3719E-05	-.9753E-06	-.8367E-07	0.1427E-06	0.7284E-07	0.4789E-07	0.6692E-07	0.6780E-07	0.4594E-07
E=400 kev
0.1982E-02	0.1603E-02	0.1128E-02	0.8979E-03	0.5540E-03	0.3380E-03	0.2022E-03	0.1185E-03	0.5902E-04	0.2513E-04	0.6609E-05	-.1879E-05	0.1715E-05	0.3058E-05	0.1116E-05	0.3907E-06	0.2099E-06	0.1426E-06	0.8194E-07	0.5265E-07	0.3745E-07	0.2888E-07	0.2296E-07	0.1846E-07	0.1251E-07	0.9156E-08	0.7031E-08	0.5562E-08
0.1893E-01	0.1561E-01	0.1135E-01	0.9198E-02	0.5836E-02	0.3573E-02	0.2084E-02	0.1146E-02	0.4940E-03	0.1508E-03	-.1346E-04	-.7317E-04	0.1327E-04	0.3075E-04	0.1074E-04	0.3521E-05	0.1874E-05	0.1298E-05	0.7583E-06	0.4866E-06	0.3449E-06	0.2659E-06	0.2115E-06	0.1700E-06	0.1152E-06	0.8429E-07	0.6471E-07	0.5119E-07
0.3779E-01	0.3202E-01	0.2444E-01	0.2025E-01	0.1339E-01	0.8450E-02	0.5046E-02	0.2818E-02	0.1203E-02	0.3396E-03	-.7403E-04	-.2206E-03	0.2054E-04	0.7279E-04	0.2440E-04	0.7183E-05	0.3680E-05	0.2596E-05	0.1560E-05	0.1007E-05	0.7120E-06	0.5487E-06	0.4368E-06	0.3510E-06	0.2374E-06	0.1737E-06	0.1333E-06	0.1055E-06
0.5780E-01	0.5019E-01	0.3986E-01	0.3327E-01	0.2226E-01	0.1433E-01	0.8899E-02	0.5308E-02	0.2554E-02	0.9443E-03	0.6785E-04	-.3146E-03	0.1014E-04	0.1295E-03	0.4143E-04	0.9971E-05	0.4463E-05	0.3195E-05	0.2052E-05	0.1366E-05	0.9688E-06	0.7478E-06	0.5963E-06	0.4794E-06	0.3238E-06	0.2366E-06	0.1816E-06	0.1436E-06
0.9296E-01	0.8210E-01	0.6647E-01	0.5471E-01	0.3519E-01	0.2173E-01	0.1342E-01	0.8508E-02	0.4947E-02	0.2623E-02	0.1026E-02	0.5131E-04	-.4593E-04	0.2102E-03	0.6480E-04	0.9743E-05	0.2152E-05	0.1634E-05	0.1524E-05	0.1198E-05	0.8876E-06	0.6910E-06	0.5532E-06	0.4457E-06	0.3008E-06	0.2195E-06	0.1684E-06	0.1331E-06
0.2588E+00	0.2382E+00	0.2027E+00	0.1682E+00	0.1111E+00	0.6845E-01	0.3896E-01	0.2050E-01	0.8854E-02	0.4281E-02	0.2798E-02	0.2344E-02	0.1485E-02	0.7445E-03	0.2302E-03	0.8422E-05	-.4293E-04	-.3638E-04	-.1278E-04	-.3880E-05	-.1157E-05	-.9196E-07	0.1368E-06	0.9109E-07	0.5262E-07	0.6542E-07	0.6274E-07	0.5334E-07
xx 
Ce Z = 58 4d
E= 50 kev
0.1779E-02	0.1542E-02	0.1276E-02	0.9621E-03	0.6073E-03	0.3811E-03	0.2354E-03	0.1428E-03	0.7537E-04	0.3571E-04	0.1233E-04	0.3366E-06	0.8458E-06	0.3003E-05	0.9936E-06	0.2283E-06	0.9192E-07	0.6521E-07	0.4925E-07	0.3866E-07	0.2950E-07	0.2271E-07	0.1801E-07	0.1463E-07	0.1018E-07	0.7474E-08	0.5720E-08	0.4518E-08
0.1749E-01	0.1537E-01	0.1294E-01	0.9978E-02	0.6446E-02	0.4053E-02	0.2439E-02	0.1391E-02	0.6457E-03	0.2400E-03	0.2828E-04	-.6323E-04	0.2937E-05	0.3054E-04	0.9807E-05	0.2047E-05	0.7568E-06	0.5598E-06	0.4388E-06	0.3495E-06	0.2669E-06	0.2053E-06	0.1627E-06	0.1322E-06	0.9193E-07	0.6751E-07	0.5166E-07	0.4081E-07
0.3620E-01	0.3245E-01	0.2799E-01	0.2226E-01	0.1493E-01	0.9638E-02	0.5907E-02	0.3398E-02	0.1547E-02	0.5271E-03	0.1932E-05	-.2161E-03	-.7809E-05	0.7353E-04	0.2300E-04	0.4090E-05	0.1251E-05	0.9787E-06	0.8341E-06	0.6899E-06	0.5315E-06	0.4089E-06	0.3239E-06	0.2631E-06	0.1830E-06	0.1344E-06	0.1028E-06	0.8120E-07
0.5670E-01	0.5174E-01	0.4544E-01	0.3677E-01	0.2494E-01	0.1638E-01	0.1038E-01	0.6322E-02	0.3167E-02	0.1279E-02	0.2042E-03	-.3078E-03	-.4661E-04	0.1327E-03	0.4073E-04	0.5370E-05	0.7963E-06	0.7450E-06	0.8876E-06	0.8343E-06	0.6642E-06	0.5129E-06	0.4062E-06	0.3300E-06	0.2296E-06	0.1685E-06	0.1289E-06	0.1018E-06
0.9238E-01	0.8546E-01	0.7571E-01	0.6079E-01	0.3955E-01	0.2492E-01	0.1564E-01	0.1004E-01	0.5910E-02	0.3212E-02	0.1317E-02	0.1281E-03	-.1450E-03	0.2178E-03	0.6767E-04	0.4357E-05	-.2211E-05	-.1176E-05	0.3774E-07	0.4453E-06	0.4371E-06	0.3444E-06	0.2730E-06	0.2218E-06	0.1544E-06	0.1132E-06	0.8649E-07	0.6827E-07
0.2671E+00	0.2553E+00	0.2351E+00	0.1966E+00	0.1330E+00	0.8391E-01	0.4897E-01	0.2659E-01	0.1179E-01	0.5648E-02	0.3444E-02	0.2709E-02	0.1711E-02	0.9130E-03	0.2979E-03	0.1943E-04	-.4578E-04	-.4214E-04	-.1613E-04	-.5180E-05	-.1580E-05	-.3879E-06	-.1911E-06	-.1501E-06	-.2385E-06	-.1784E-06	-.1339E-06	-.1053E-06
E=100 kev
0.1551E-02	0.1258E-02	0.1036E-02	0.7889E-03	0.4946E-03	0.3121E-03	0.1916E-03	0.1179E-03	0.6142E-04	0.2887E-04	0.9891E-05	0.5421E-07	0.7026E-06	0.2604E-05	0.9312E-06	0.2455E-06	0.9432E-07	0.5792E-07	0.3998E-07	0.3234E-07	0.2489E-07	0.1895E-07	0.1491E-07	0.1206E-07	0.8395E-08	0.6170E-08	0.4723E-08	0.3731E-08
0.1517E-01	0.1257E-01	0.1052E-01	0.8180E-02	0.5256E-02	0.3319E-02	0.1984E-02	0.1150E-02	0.5236E-03	0.1923E-03	0.2006E-04	-.5462E-04	0.2401E-05	0.2639E-04	0.9113E-05	0.2204E-05	0.7961E-06	0.4940E-06	0.3539E-06	0.2918E-06	0.2252E-06	0.1714E-06	0.1347E-06	0.1089E-06	0.7579E-07	0.5571E-07	0.4264E-07	0.3368E-07
0.3118E-01	0.2660E-01	0.2280E-01	0.1825E-01	0.1219E-01	0.7897E-02	0.4814E-02	0.2803E-02	0.1257E-02	0.4222E-03	-.5918E-05	-.1837E-03	-.6542E-05	0.6335E-04	0.2120E-04	0.4464E-05	0.1384E-05	0.8570E-06	0.6667E-06	0.5747E-06	0.4484E-06	0.3414E-06	0.2681E-06	0.2167E-06	0.1508E-06	0.1108E-06	0.8482E-07	0.6699E-07
0.4852E-01	0.4249E-01	0.3709E-01	0.3014E-01	0.2041E-01	0.1344E-01	0.8494E-02	0.5205E-02	0.2591E-02	0.1038E-02	0.1597E-03	-.2608E-03	-.3851E-04	0.1140E-03	0.3728E-04	0.6116E-05	0.1114E-05	0.6383E-06	0.6938E-06	0.6914E-06	0.5605E-06	0.4288E-06	0.3364E-06	0.2718E-06	0.1890E-06	0.1389E-06	0.1063E-06	0.8394E-07
0.7886E-01	0.7052E-01	0.6193E-01	0.4982E-01	0.3244E-01	0.2052E-01	0.1287E-01	0.8287E-02	0.4895E-02	0.2649E-02	0.1092E-02	0.1080E-03	-.1186E-03	0.1865E-03	0.6148E-04	0.5855E-05	-.1467E-05	-.1102E-05	-.2197E-07	0.3590E-06	0.3691E-06	0.2915E-06	0.2286E-06	0.1842E-06	0.1279E-06	0.9379E-07	0.7167E-07	0.5656E-07
0.2307E+00	0.2161E+00	0.1964E+00	0.1624E+00	0.1092E+00	0.6884E-01	0.4012E-01	0.2179E-01	0.9702E-02	0.4647E-02	0.2876E-02	0.2270E-02	0.1434E-02	0.7707E-03	0.2550E-03	0.1720E-04	-.4102E-04	-.3881E-04	-.1574E-04	-.5726E-05	-.1931E-05	-.5530E-06	-.2046E-06	-.1830E-06	-.1654E-06	-.1267E-06	-.1089E-06	-.8593E-07
E=150 kev
0.1491E-02	0.1160E-02	0.9866E-03	0.7237E-03	0.4661E-03	0.2917E-03	0.1786E-03	0.1091E-03	0.5765E-04	0.2700E-04	0.9224E-05	-.1332E-07	0.6545E-06	0.2485E-05	0.9125E-06	0.2564E-06	0.1038E-06	0.6166E-07	0.3821E-07	0.3044E-07	0.2362E-07	0.1803E-07	0.1408E-07	0.1134E-07	0.7876E-08	0.5793E-08	0.4436E-08	0.3505E-08
0.1456E-01	0.1162E-01	0.9994E-02	0.7522E-02	0.4949E-02	0.3103E-02	0.1849E-02	0.1063E-02	0.4943E-03	0.1802E-03	0.1751E-04	-.5177E-04	0.2193E-05	0.2516E-04	0.8905E-05	0.2297E-05	0.8852E-06	0.5313E-06	0.3383E-06	0.2726E-06	0.2134E-06	0.1630E-06	0.1272E-06	0.1024E-06	0.7108E-07	0.5229E-07	0.4005E-07	0.3164E-07
0.2983E-01	0.2465E-01	0.2158E-01	0.1684E-01	0.1146E-01	0.7385E-02	0.4489E-02	0.2597E-02	0.1182E-02	0.3948E-03	-.8905E-05	-.1733E-03	-.6269E-05	0.6034E-04	0.2065E-04	0.4654E-05	0.1579E-05	0.9439E-06	0.6388E-06	0.5358E-06	0.4218E-06	0.3247E-06	0.2532E-06	0.2038E-06	0.1413E-06	0.1040E-06	0.7961E-07	0.6289E-07
0.4631E-01	0.3948E-01	0.3502E-01	0.2791E-01	0.1917E-01	0.1258E-01	0.7935E-02	0.4849E-02	0.2420E-02	0.9680E-03	0.1464E-03	-.2456E-03	-.3624E-04	0.1084E-03	0.3618E-04	0.6408E-05	0.1419E-05	0.7768E-06	0.6672E-06	0.6422E-06	0.5274E-06	0.4076E-06	0.3180E-06	0.2556E-06	0.1772E-06	0.1303E-06	0.9972E-07	0.7877E-07
0.7523E-01	0.6572E-01	0.5833E-01	0.4626E-01	0.3045E-01	0.1923E-01	0.1206E-01	0.7771E-02	0.4573E-02	0.2490E-02	0.1027E-02	0.1039E-03	-.1110E-03	0.1770E-03	0.5942E-04	0.6268E-05	-.1077E-05	-.9525E-06	-.2310E-07	0.3293E-06	0.3431E-06	0.2759E-06	0.2170E-06	0.1743E-06	0.1203E-06	0.8824E-07	0.6743E-07	0.5323E-07
0.2211E+00	0.2043E+00	0.1854E+00	0.1516E+00	0.1022E+00	0.6438E-01	0.3753E-01	0.2042E-01	0.9082E-02	0.4368E-02	0.2687E-02	0.2132E-02	0.1352E-02	0.7244E-03	0.2401E-03	0.1645E-04	-.4007E-04	-.3804E-04	-.1570E-04	-.5555E-05	-.1955E-05	-.7453E-06	-.3600E-06	-.2654E-06	-.1736E-06	-.1251E-06	-.9731E-07	-.8040E-07
E=200 kev
0.1491E-02	0.1145E-02	0.9526E-03	0.7272E-03	0.4499E-03	0.2847E-03	0.1762E-03	0.1071E-03	0.5624E-04	0.2647E-04	0.8906E-05	-.6988E-07	0.6430E-06	0.2458E-05	0.9168E-06	0.2662E-06	0.1121E-06	0.6750E-07	0.3924E-07	0.2974E-07	0.2318E-07	0.1795E-07	0.1381E-07	0.1121E-07	0.7754E-08	0.5700E-08	0.4367E-08	0.3451E-08
0.1455E-01	0.1146E-01	0.9671E-02	0.7536E-02	0.4785E-02	0.3028E-02	0.1824E-02	0.1043E-02	0.4797E-03	0.1768E-03	0.1631E-04	-.5183E-04	0.2150E-05	0.2487E-04	0.8934E-05	0.2383E-05	0.9589E-06	0.5867E-06	0.3496E-06	0.2676E-06	0.2094E-06	0.1622E-06	0.1247E-06	0.1013E-06	0.6998E-07	0.5145E-07	0.3941E-07	0.3114E-07
0.2974E-01	0.2430E-01	0.2095E-01	0.1680E-01	0.1112E-01	0.7217E-02	0.4425E-02	0.2549E-02	0.1151E-02	0.3868E-03	-.1017E-04	-.1727E-03	-.6176E-05	0.5962E-04	0.2068E-04	0.4818E-05	0.1725E-05	0.1058E-05	0.6643E-06	0.5256E-06	0.4162E-06	0.3231E-06	0.2482E-06	0.2016E-06	0.1391E-06	0.1023E-06	0.7833E-07	0.6189E-07
0.4606E-01	0.3888E-01	0.3408E-01	0.2774E-01	0.1865E-01	0.1231E-01	0.7811E-02	0.4760E-02	0.2377E-02	0.9469E-03	0.1414E-03	-.2456E-03	-.3565E-04	0.1071E-03	0.3617E-04	0.6629E-05	0.1605E-05	0.9271E-06	0.7026E-06	0.6307E-06	0.5178E-06	0.4057E-06	0.3117E-06	0.2530E-06	0.1744E-06	0.1281E-06	0.9809E-07	0.7749E-07
0.7477E-01	0.6472E-01	0.5689E-01	0.4584E-01	0.2971E-01	0.1885E-01	0.1187E-01	0.7641E-02	0.4502E-02	0.2437E-02	0.1009E-02	0.9568E-04	-.1091E-03	0.1749E-03	0.5923E-04	0.6489E-05	-.9421E-06	-.8494E-06	-.5030E-08	0.3279E-06	0.3340E-06	0.2742E-06	0.2113E-06	0.1732E-06	0.1188E-06	0.8697E-07	0.6648E-07	0.5247E-07
0.2206E+00	0.2024E+00	0.1823E+00	0.1497E+00	0.1002E+00	0.6318E-01	0.3691E-01	0.2006E-01	0.8915E-02	0.4233E-02	0.2633E-02	0.2061E-02	0.1332E-02	0.7169E-03	0.2378E-03	0.1498E-04	-.4059E-04	-.3803E-04	-.1568E-04	-.5572E-05	-.1954E-05	-.7620E-06	-.3784E-06	-.3085E-06	-.2029E-06	-.1108E-06	-.9383E-07	-.7560E-07
E=250 kev
0.1516E-02	0.1189E-02	0.9452E-03	0.7190E-03	0.4559E-03	0.2868E-03	0.1762E-03	0.1074E-03	0.5638E-04	0.2644E-04	0.8889E-05	-.1038E-06	0.6541E-06	0.2482E-05	0.9338E-06	0.2760E-06	0.1192E-06	0.7323E-07	0.4182E-07	0.3021E-07	0.2323E-07	0.1809E-07	0.1414E-07	0.1124E-07	0.7803E-08	0.5737E-08	0.4397E-08	0.3474E-08
0.1478E-01	0.1185E-01	0.9606E-02	0.7464E-02	0.4845E-02	0.3051E-02	0.1824E-02	0.1045E-02	0.4803E-03	0.1749E-03	0.1586E-04	-.5203E-04	0.2177E-05	0.2514E-04	0.9094E-05	0.2468E-05	0.1021E-05	0.6378E-06	0.3739E-06	0.2720E-06	0.2097E-06	0.1635E-06	0.1278E-06	0.1023E-06	0.7043E-07	0.5177E-07	0.3968E-07	0.3136E-07
0.3019E-01	0.2499E-01	0.2089E-01	0.1669E-01	0.1124E-01	0.7266E-02	0.4429E-02	0.2555E-02	0.1153E-02	0.3842E-03	-.1136E-04	-.1732E-03	-.6150E-05	0.6024E-04	0.2103E-04	0.4982E-05	0.1840E-05	0.1160E-05	0.7150E-06	0.5349E-06	0.4162E-06	0.3256E-06	0.2545E-06	0.2039E-06	0.1400E-06	0.1029E-06	0.7883E-07	0.6230E-07
0.4670E-01	0.3979E-01	0.3401E-01	0.2762E-01	0.1883E-01	0.1239E-01	0.7829E-02	0.4777E-02	0.2384E-02	0.9530E-03	0.1400E-03	-.2449E-03	-.3597E-04	0.1081E-03	0.3674E-04	0.6830E-05	0.1731E-05	0.1045E-05	0.7676E-06	0.6434E-06	0.5172E-06	0.4083E-06	0.3201E-06	0.2563E-06	0.1754E-06	0.1288E-06	0.9869E-07	0.7798E-07
0.7573E-01	0.6597E-01	0.5682E-01	0.4574E-01	0.2996E-01	0.1897E-01	0.1191E-01	0.7675E-02	0.4530E-02	0.2461E-02	0.1011E-02	0.1022E-03	-.1105E-03	0.1764E-03	0.6006E-04	0.6682E-05	-.9188E-06	-.8227E-06	0.2631E-07	0.3360E-06	0.3341E-06	0.2747E-06	0.2181E-06	0.1754E-06	0.1198E-06	0.8763E-07	0.6700E-07	0.5289E-07
0.2239E+00	0.2056E+00	0.1827E+00	0.1499E+00	0.1006E+00	0.6346E-01	0.3702E-01	0.2013E-01	0.8951E-02	0.4289E-02	0.2646E-02	0.2105E-02	0.1340E-02	0.7223E-03	0.2383E-03	0.1465E-04	-.4121E-04	-.3885E-04	-.1614E-04	-.5694E-05	-.1938E-05	-.8039E-06	-.4178E-06	-.3207E-06	-.1928E-06	-.1302E-06	-.9108E-07	-.7689E-07
E=300 kev
0.1553E-02	0.1258E-02	0.9547E-03	0.7240E-03	0.4561E-03	0.2961E-03	0.1804E-03	0.1091E-03	0.5742E-04	0.2691E-04	0.9054E-05	-.1212E-06	0.6647E-06	0.2540E-05	0.9567E-06	0.2862E-06	0.1258E-06	0.7875E-07	0.4514E-07	0.3132E-07	0.2363E-07	0.1845E-07	0.1456E-07	0.1162E-07	0.7964E-08	0.5845E-08	0.4480E-08	0.3541E-08
0.1513E-01	0.1248E-01	0.9710E-02	0.7524E-02	0.4854E-02	0.3147E-02	0.1868E-02	0.1062E-02	0.4902E-03	0.1779E-03	0.1607E-04	-.5352E-04	0.2295E-05	0.2571E-04	0.9317E-05	0.2557E-05	0.1077E-05	0.6848E-06	0.4054E-06	0.2824E-06	0.2133E-06	0.1666E-06	0.1315E-06	0.1049E-06	0.7179E-07	0.5274E-07	0.4042E-07	0.3196E-07
0.3091E-01	0.2615E-01	0.2108E-01	0.1685E-01	0.1130E-01	0.7472E-02	0.4530E-02	0.2598E-02	0.1175E-02	0.3911E-03	-.1153E-04	-.1776E-03	-.6168E-05	0.6159E-04	0.2154E-04	0.5156E-05	0.1939E-05	0.1253E-05	0.7801E-06	0.5567E-06	0.4232E-06	0.3315E-06	0.2619E-06	0.2088E-06	0.1426E-06	0.1048E-06	0.8029E-07	0.6348E-07
0.4778E-01	0.4141E-01	0.3438E-01	0.2793E-01	0.1898E-01	0.1269E-01	0.7992E-02	0.4859E-02	0.2423E-02	0.9699E-03	0.1439E-03	-.2518E-03	-.3648E-04	0.1105E-03	0.3759E-04	0.7067E-05	0.1825E-05	0.1144E-05	0.8483E-06	0.6717E-06	0.5258E-06	0.4151E-06	0.3289E-06	0.2621E-06	0.1788E-06	0.1312E-06	0.1005E-06	0.7944E-07
0.7749E-01	0.6832E-01	0.5746E-01	0.4629E-01	0.3026E-01	0.1938E-01	0.1215E-01	0.7816E-02	0.4596E-02	0.2503E-02	0.1035E-02	0.1015E-03	-.1120E-03	0.1801E-03	0.6137E-04	0.6882E-05	-.9507E-06	-.8283E-06	0.6378E-07	0.3519E-06	0.3401E-06	0.2789E-06	0.2239E-06	0.1791E-06	0.1223E-06	0.8941E-07	0.6833E-07	0.5397E-07
0.2294E+00	0.2116E+00	0.1854E+00	0.1520E+00	0.1020E+00	0.6470E-01	0.3772E-01	0.2049E-01	0.9087E-02	0.4367E-02	0.2706E-02	0.2124E-02	0.1366E-02	0.7345E-03	0.2437E-03	0.1439E-04	-.4298E-04	-.4029E-04	-.1644E-04	-.5901E-05	-.2038E-05	-.7845E-06	-.4275E-06	-.3257E-06	-.2212E-06	-.1387E-06	-.8720E-07	-.8348E-07
E=350 kev
0.1602E-02	0.1315E-02	0.9607E-03	0.7264E-03	0.4852E-03	0.2978E-03	0.1820E-03	0.1121E-03	0.5878E-04	0.2751E-04	0.9204E-05	-.2070E-06	0.6813E-06	0.2606E-05	0.9856E-06	0.2978E-06	0.1326E-06	0.8415E-07	0.4853E-07	0.3296E-07	0.2425E-07	0.1889E-07	0.1500E-07	0.1204E-07	0.8144E-08	0.5992E-08	0.4595E-08	0.3634E-08
0.1561E-01	0.1303E-01	0.9785E-02	0.7567E-02	0.5147E-02	0.3168E-02	0.1883E-02	0.1092E-02	0.5016E-03	0.1819E-03	0.1598E-04	-.5542E-04	0.2366E-05	0.2637E-04	0.9588E-05	0.2659E-05	0.1134E-05	0.7349E-06	0.4365E-06	0.2975E-06	0.2190E-06	0.1706E-06	0.1355E-06	0.1088E-06	0.7350E-07	0.5407E-07	0.4146E-07	0.3279E-07
0.3183E-01	0.2723E-01	0.2131E-01	0.1701E-01	0.1189E-01	0.7571E-02	0.4581E-02	0.2669E-02	0.1203E-02	0.3991E-03	-.1315E-04	-.1831E-03	-.6309E-05	0.6315E-04	0.2214E-04	0.5358E-05	0.2041E-05	0.1341E-05	0.8439E-06	0.5874E-06	0.4346E-06	0.3392E-06	0.2698E-06	0.2165E-06	0.1461E-06	0.1074E-06	0.8233E-07	0.6512E-07
0.4919E-01	0.4300E-01	0.3484E-01	0.2849E-01	0.1986E-01	0.1290E-01	0.8120E-02	0.4986E-02	0.2480E-02	0.9909E-03	0.1439E-03	-.2589E-03	-.3735E-04	0.1133E-03	0.3862E-04	0.7332E-05	0.1917E-05	0.1230E-05	0.9299E-06	0.7113E-06	0.5401E-06	0.4244E-06	0.3386E-06	0.2718E-06	0.1831E-06	0.1344E-06	0.1030E-06	0.8148E-07
0.7976E-01	0.7079E-01	0.5833E-01	0.4730E-01	0.3153E-01	0.1976E-01	0.1238E-01	0.8007E-02	0.4711E-02	0.2560E-02	0.1052E-02	0.1046E-03	-.1143E-03	0.1847E-03	0.6303E-04	0.7109E-05	-.1003E-05	-.8588E-06	0.1034E-06	0.3741E-06	0.3496E-06	0.2848E-06	0.2305E-06	0.1862E-06	0.1250E-06	0.9176E-07	0.7015E-07	0.5542E-07
0.2365E+00	0.2187E+00	0.1891E+00	0.1552E+00	0.1054E+00	0.6606E-01	0.3849E-01	0.2099E-01	0.9312E-02	0.4463E-02	0.2741E-02	0.2170E-02	0.1404E-02	0.7560E-03	0.2506E-03	0.1438E-04	-.4481E-04	-.4156E-04	-.1689E-04	-.5964E-05	-.2078E-05	-.7694E-06	-.4007E-06	-.3538E-06	-.2204E-06	-.1378E-06	-.8978E-07	-.7388E-07
E=400 kev
0.1658E-02	0.1357E-02	0.9683E-03	0.7754E-03	0.4875E-03	0.3053E-03	0.1886E-03	0.1150E-03	0.6061E-04	0.2823E-04	0.9415E-05	-.1211E-06	0.6764E-06	0.2694E-05	0.1019E-05	0.3056E-06	0.1389E-06	0.8940E-07	0.5243E-07	0.3503E-07	0.2512E-07	0.1942E-07	0.1548E-07	0.1247E-07	0.8436E-08	0.6165E-08	0.4730E-08	0.3742E-08
0.1615E-01	0.1345E-01	0.9884E-02	0.8043E-02	0.5182E-02	0.3247E-02	0.1952E-02	0.1118E-02	0.5180E-03	0.1866E-03	0.1593E-04	-.5658E-04	0.2100E-05	0.2726E-04	0.9914E-05	0.2725E-05	0.1187E-05	0.7804E-06	0.4727E-06	0.3172E-06	0.2269E-06	0.1753E-06	0.1398E-06	0.1126E-06	0.7613E-07	0.5562E-07	0.4268E-07	0.3377E-07
0.3290E-01	0.2810E-01	0.2159E-01	0.1796E-01	0.1203E-01	0.7743E-02	0.4742E-02	0.2736E-02	0.1241E-02	0.4096E-03	-.1472E-04	-.1873E-03	-.7095E-05	0.6519E-04	0.2288E-04	0.5479E-05	0.2132E-05	0.1425E-05	0.9170E-06	0.6296E-06	0.4505E-06	0.3485E-06	0.2782E-06	0.2241E-06	0.1513E-06	0.1105E-06	0.8475E-07	0.6706E-07
0.5080E-01	0.4437E-01	0.3541E-01	0.2968E-01	0.2014E-01	0.1322E-01	0.8387E-02	0.5119E-02	0.2554E-02	0.1017E-02	0.1458E-03	-.2652E-03	-.3893E-04	0.1169E-03	0.3989E-04	0.7494E-05	0.1994E-05	0.1305E-05	0.1016E-05	0.7645E-06	0.5605E-06	0.4357E-06	0.3490E-06	0.2814E-06	0.1898E-06	0.1383E-06	0.1060E-06	0.8389E-07
0.8237E-01	0.7308E-01	0.5939E-01	0.4965E-01	0.3212E-01	0.2024E-01	0.1278E-01	0.8231E-02	0.4846E-02	0.2627E-02	0.1081E-02	0.1085E-03	-.1173E-03	0.1908E-03	0.6509E-04	0.7220E-05	-.1061E-05	-.8938E-06	0.1285E-06	0.4056E-06	0.3626E-06	0.2926E-06	0.2372E-06	0.1927E-06	0.1298E-06	0.9444E-07	0.7228E-07	0.5711E-07
0.2437E+00	0.2254E+00	0.1929E+00	0.1605E+00	0.1073E+00	0.6741E-01	0.3938E-01	0.2137E-01	0.9513E-02	0.4538E-02	0.2812E-02	0.2264E-02	0.1463E-02	0.7657E-03	0.2562E-03	0.1696E-04	-.4668E-04	-.4341E-04	-.1729E-04	-.6124E-05	-.2077E-05	-.7509E-06	-.4466E-06	-.3414E-06	-.2264E-06	-.1272E-06	-.9722E-07	-.6727E-07
xx 
Pr Z = 59 4d
E= 50 kev
0.2298E-02	0.1922E-02	0.1532E-02	0.1096E-02	0.6429E-03	0.3802E-03	0.2220E-03	0.1255E-03	0.6019E-04	0.2421E-04	0.4235E-05	-.5427E-05	-.1487E-05	0.2073E-05	0.5718E-06	-.4586E-07	-.9872E-07	-.7436E-07	-.3969E-07	-.2174E-07	-.1389E-07	-.1027E-07	-.8068E-08	-.6525E-08	-.4533E-08	-.3334E-08	-.2554E-08	-.2018E-08
0.2324E-01	0.1971E-01	0.1593E-01	0.1161E-01	0.6951E-02	0.4101E-02	0.2312E-02	0.1203E-02	0.4743E-03	0.1114E-03	-.6071E-04	-.1247E-03	-.1976E-04	0.2197E-04	0.6101E-05	-.3915E-06	-.9493E-06	-.6911E-06	-.3572E-06	-.1917E-06	-.1214E-06	-.8977E-07	-.7059E-07	-.5715E-07	-.3974E-07	-.2923E-07	-.2239E-07	-.1769E-07
0.4784E-01	0.4149E-01	0.3441E-01	0.2600E-01	0.1634E-01	0.9982E-02	0.5750E-02	0.3015E-02	0.1147E-02	0.2103E-03	-.2217E-03	-.3692E-03	-.5936E-04	0.5548E-04	0.1566E-04	-.9037E-06	-.2306E-05	-.1631E-05	-.8215E-06	-.4349E-06	-.2740E-06	-.2029E-06	-.1598E-06	-.1295E-06	-.9008E-07	-.6626E-07	-.5076E-07	-.4012E-07
0.7015E-01	0.6226E-01	0.5307E-01	0.4149E-01	0.2714E-01	0.1723E-01	0.1043E-01	0.5883E-02	0.2568E-02	0.7526E-03	-.1877E-03	-.5762E-03	-.1321E-03	0.1037E-03	0.3055E-04	-.2012E-05	-.4655E-05	-.3242E-05	-.1630E-05	-.8733E-06	-.5539E-06	-.4112E-06	-.3243E-06	-.2630E-06	-.1830E-06	-.1346E-06	-.1031E-06	-.8149E-07
0.1023E+00	0.9276E-01	0.8063E-01	0.6383E-01	0.4144E-01	0.2611E-01	0.1612E-01	0.9851E-02	0.5285E-02	0.2510E-02	0.7341E-03	-.2935E-03	-.2708E-03	0.1778E-03	0.5633E-04	-.4869E-05	-.9554E-05	-.6562E-05	-.3336E-05	-.1838E-05	-.1179E-05	-.8783E-06	-.6940E-06	-.5630E-06	-.3917E-06	-.2882E-06	-.2208E-06	-.1745E-06
0.2767E+00	0.2617E+00	0.2390E+00	0.1989E+00	0.1349E+00	0.8568E-01	0.5049E-01	0.2753E-01	0.1205E-01	0.5416E-02	0.2998E-02	0.2216E-02	0.1449E-02	0.8662E-03	0.3066E-03	0.6755E-05	-.6797E-04	-.6020E-04	-.2680E-04	-.1194E-04	-.5695E-05	-.3347E-05	-.2486E-05	-.2001E-05	-.1556E-05	-.1147E-05	-.8750E-06	-.6895E-06
E=100 kev
0.2013E-02	0.1559E-02	0.1238E-02	0.8998E-03	0.5226E-03	0.3113E-03	0.1798E-03	0.1043E-03	0.4869E-04	0.1939E-04	0.3125E-05	-.4779E-05	-.1266E-05	0.1792E-05	0.5338E-06	-.2217E-07	-.8738E-07	-.6646E-07	-.3252E-07	-.1815E-07	-.1155E-07	-.8416E-08	-.6559E-08	-.5302E-08	-.3693E-08	-.2720E-08	-.2085E-08	-.1647E-08
0.2036E-01	0.1603E-01	0.1290E-01	0.9524E-02	0.5653E-02	0.3356E-02	0.1872E-02	0.1004E-02	0.3800E-03	0.8618E-04	-.5416E-04	-.1060E-03	-.1677E-04	0.1891E-04	0.5611E-05	-.1844E-06	-.8413E-06	-.6250E-06	-.2952E-06	-.1602E-06	-.1012E-06	-.7358E-07	-.5741E-07	-.4646E-07	-.3238E-07	-.2385E-07	-.1828E-07	-.1445E-07
0.4164E-01	0.3386E-01	0.2793E-01	0.2132E-01	0.1331E-01	0.8173E-02	0.4665E-02	0.2508E-02	0.9206E-03	0.1602E-03	-.1924E-03	-.3116E-03	-.5005E-04	0.4758E-04	0.1423E-04	-.4510E-06	-.2053E-05	-.1489E-05	-.6834E-06	-.3640E-06	-.2288E-06	-.1663E-06	-.1300E-06	-.1052E-06	-.7339E-07	-.5408E-07	-.4146E-07	-.3277E-07
0.6059E-01	0.5095E-01	0.4318E-01	0.3402E-01	0.2217E-01	0.1413E-01	0.8492E-02	0.4869E-02	0.2084E-02	0.6011E-03	-.1659E-03	-.4856E-03	-.1106E-03	0.8959E-04	0.2755E-04	-.1168E-05	-.4170E-05	-.2971E-05	-.1359E-05	-.7310E-06	-.4634E-06	-.3374E-06	-.2637E-06	-.2136E-06	-.1490E-06	-.1098E-06	-.8414E-07	-.6651E-07
0.8788E-01	0.7623E-01	0.6580E-01	0.5234E-01	0.3393E-01	0.2147E-01	0.1321E-01	0.8146E-02	0.4351E-02	0.2059E-02	0.6015E-03	-.2467E-03	-.2246E-03	0.1524E-03	0.5046E-04	-.3332E-05	-.8651E-05	-.6037E-05	-.2766E-05	-.1537E-05	-.9893E-06	-.7212E-06	-.5629E-06	-.4559E-06	-.3181E-06	-.2343E-06	-.1796E-06	-.1420E-06
0.2400E+00	0.2215E+00	0.1999E+00	0.1649E+00	0.1111E+00	0.7071E-01	0.4160E-01	0.2273E-01	0.9917E-02	0.4436E-02	0.2469E-02	0.1819E-02	0.1216E-02	0.7357E-03	0.2596E-03	0.4333E-05	-.6090E-04	-.5503E-04	-.2486E-04	-.1144E-04	-.5666E-05	-.3153E-05	-.2130E-05	-.1694E-05	-.1213E-05	-.9051E-06	-.7071E-06	-.5591E-06
E=150 kev
0.1947E-02	0.1430E-02	0.1188E-02	0.8197E-03	0.4944E-03	0.2909E-03	0.1674E-03	0.9578E-04	0.4629E-04	0.1824E-04	0.2756E-05	-.4539E-05	-.1202E-05	0.1707E-05	0.5204E-06	-.1587E-07	-.8512E-07	-.6700E-07	-.3127E-07	-.1676E-07	-.1087E-07	-.7959E-08	-.6149E-08	-.4941E-08	-.3437E-08	-.2535E-08	-.1944E-08	-.1536E-08
0.1962E-01	0.1474E-01	0.1234E-01	0.8698E-02	0.5341E-02	0.3137E-02	0.1741E-02	0.9176E-03	0.3668E-03	0.8005E-04	-.5218E-04	-.1000E-03	-.1590E-04	0.1801E-04	0.5450E-05	-.1311E-06	-.8183E-06	-.6284E-06	-.2836E-06	-.1492E-06	-.9660E-07	-.6975E-07	-.5383E-07	-.4329E-07	-.3014E-07	-.2223E-07	-.1705E-07	-.1348E-07
0.4003E-01	0.3123E-01	0.2660E-01	0.1956E-01	0.1255E-01	0.7639E-02	0.4344E-02	0.2301E-02	0.8853E-03	0.1497E-03	-.1833E-03	-.2937E-03	-.4740E-04	0.4526E-04	0.1378E-04	-.3427E-06	-.1999E-05	-.1496E-05	-.6565E-06	-.3397E-06	-.2211E-06	-.1579E-06	-.1219E-06	-.9807E-07	-.6830E-07	-.5041E-07	-.3866E-07	-.3057E-07
0.5805E-01	0.4715E-01	0.4096E-01	0.3135E-01	0.2086E-01	0.1321E-01	0.7922E-02	0.4503E-02	0.1972E-02	0.5600E-03	-.1595E-03	-.4573E-03	-.1044E-03	0.8514E-04	0.2658E-04	-.9932E-06	-.4084E-05	-.2992E-05	-.1306E-05	-.6818E-06	-.4496E-06	-.3208E-06	-.2474E-06	-.1990E-06	-.1386E-06	-.1023E-06	-.7843E-07	-.6200E-07
0.8401E-01	0.7079E-01	0.6218E-01	0.4842E-01	0.3189E-01	0.2010E-01	0.1236E-01	0.7599E-02	0.4083E-02	0.1933E-02	0.5644E-03	-.2311E-03	-.2112E-03	0.1445E-03	0.4851E-04	-.3072E-05	-.8549E-05	-.6129E-05	-.2681E-05	-.1429E-05	-.9440E-06	-.6871E-06	-.5284E-06	-.4245E-06	-.2953E-06	-.2179E-06	-.1672E-06	-.1321E-06
0.2301E+00	0.2091E+00	0.1891E+00	0.1538E+00	0.1042E+00	0.6618E-01	0.3894E-01	0.2128E-01	0.9292E-02	0.4167E-02	0.2303E-02	0.1705E-02	0.1151E-02	0.6953E-03	0.2440E-03	0.1917E-05	-.5939E-04	-.5402E-04	-.2503E-04	-.1091E-04	-.5541E-05	-.3304E-05	-.2193E-05	-.1682E-05	-.1162E-05	-.8480E-06	-.6498E-06	-.5208E-06
E=200 kev
0.1951E-02	0.1412E-02	0.1141E-02	0.8307E-03	0.4736E-03	0.2832E-03	0.1656E-03	0.9403E-04	0.4471E-04	0.1793E-04	0.2599E-05	-.4582E-05	-.1193E-05	0.1684E-05	0.5209E-06	-.1440E-07	-.8699E-07	-.6925E-07	-.3211E-07	-.1640E-07	-.1078E-07	-.7801E-08	-.6080E-08	-.4849E-08	-.3362E-08	-.2480E-08	-.1903E-08	-.1505E-08
0.1965E-01	0.1455E-01	0.1187E-01	0.8788E-02	0.5123E-02	0.3054E-02	0.1724E-02	0.9013E-03	0.3497E-03	0.8141E-04	-.5179E-04	-.9936E-04	-.1573E-04	0.1775E-04	0.5447E-05	-.1186E-06	-.8352E-06	-.6473E-06	-.2907E-06	-.1454E-06	-.9457E-07	-.6878E-07	-.5322E-07	-.4248E-07	-.2947E-07	-.2175E-07	-.1670E-07	-.1320E-07
0.4003E-01	0.3081E-01	0.2569E-01	0.1965E-01	0.1210E-01	0.7449E-02	0.4294E-02	0.2260E-02	0.8462E-03	0.1514E-03	-.1816E-03	-.2910E-03	-.4675E-04	0.4461E-04	0.1375E-04	-.3223E-06	-.2041E-05	-.1537E-05	-.6722E-06	-.3315E-06	-.2143E-06	-.1559E-06	-.1206E-06	-.9622E-07	-.6680E-07	-.4931E-07	-.3786E-07	-.2994E-07
0.5791E-01	0.4648E-01	0.3970E-01	0.3133E-01	0.2020E-01	0.1291E-01	0.7815E-02	0.4422E-02	0.1914E-02	0.5524E-03	-.1596E-03	-.4539E-03	-.1029E-03	0.8394E-04	0.2648E-04	-.9778E-06	-.4179E-05	-.3084E-05	-.1342E-05	-.6657E-06	-.4338E-06	-.3168E-06	-.2449E-06	-.1952E-06	-.1354E-06	-.9999E-07	-.7678E-07	-.6072E-07
0.8364E-01	0.6975E-01	0.6047E-01	0.4817E-01	0.3102E-01	0.1968E-01	0.1218E-01	0.7468E-02	0.4005E-02	0.1895E-02	0.5523E-03	-.2345E-03	-.2077E-03	0.1426E-03	0.4823E-04	-.3086E-05	-.8782E-05	-.6363E-05	-.2775E-05	-.1394E-05	-.9240E-06	-.6768E-06	-.5235E-06	-.4161E-06	-.2883E-06	-.2128E-06	-.1635E-06	-.1293E-06
0.2295E+00	0.2070E+00	0.1855E+00	0.1519E+00	0.1017E+00	0.6479E-01	0.3823E-01	0.2085E-01	0.9105E-02	0.4043E-02	0.2256E-02	0.1653E-02	0.1131E-02	0.6828E-03	0.2390E-03	0.8741E-06	-.6038E-04	-.5504E-04	-.2556E-04	-.1118E-04	-.5341E-05	-.3087E-05	-.2190E-05	-.1718E-05	-.1170E-05	-.8227E-06	-.6323E-06	-.5068E-06
E=250 kev
0.1982E-02	0.1482E-02	0.1129E-02	0.8171E-03	0.4819E-03	0.2856E-03	0.1652E-03	0.9427E-04	0.4467E-04	0.1763E-04	0.2600E-05	-.4590E-05	-.1197E-05	0.1704E-05	0.5293E-06	-.1457E-07	-.9031E-07	-.7297E-07	-.3384E-07	-.1662E-07	-.1074E-07	-.7950E-08	-.6152E-08	-.4902E-08	-.3371E-08	-.2484E-08	-.1907E-08	-.1509E-08
0.1996E-01	0.1521E-01	0.1176E-01	0.8659E-02	0.5210E-02	0.3080E-02	0.1718E-02	0.9022E-03	0.3480E-03	0.7598E-04	-.5327E-04	-.1004E-03	-.1564E-04	0.1795E-04	0.5532E-05	-.1215E-06	-.8656E-06	-.6807E-06	-.3060E-06	-.1474E-06	-.9431E-07	-.6982E-07	-.5391E-07	-.4296E-07	-.2956E-07	-.2179E-07	-.1674E-07	-.1324E-07
0.4066E-01	0.3199E-01	0.2549E-01	0.1943E-01	0.1227E-01	0.7508E-02	0.4285E-02	0.2264E-02	0.8431E-03	0.1390E-03	-.1854E-03	-.2939E-03	-.4668E-04	0.4510E-04	0.1395E-04	-.3351E-06	-.2116E-05	-.1616E-05	-.7073E-06	-.3360E-06	-.2139E-06	-.1583E-06	-.1222E-06	-.9734E-07	-.6698E-07	-.4940E-07	-.3795E-07	-.3003E-07
0.5877E-01	0.4794E-01	0.3954E-01	0.3109E-01	0.2044E-01	0.1300E-01	0.7815E-02	0.4434E-02	0.1914E-02	0.5439E-03	-.1641E-03	-.4572E-03	-.1031E-03	0.8477E-04	0.2683E-04	-.1020E-05	-.4338E-05	-.3246E-05	-.1414E-05	-.6758E-06	-.4329E-06	-.3206E-06	-.2484E-06	-.1976E-06	-.1358E-06	-.1001E-06	-.7693E-07	-.6087E-07
0.8478E-01	0.7151E-01	0.6033E-01	0.4795E-01	0.3133E-01	0.1981E-01	0.1220E-01	0.7499E-02	0.4020E-02	0.1896E-02	0.5500E-03	-.2331E-03	-.2090E-03	0.1439E-03	0.4882E-04	-.3211E-05	-.9125E-05	-.6711E-05	-.2942E-05	-.1421E-05	-.9194E-06	-.6823E-06	-.5319E-06	-.4218E-06	-.2887E-06	-.2129E-06	-.1636E-06	-.1295E-06
0.2331E+00	0.2108E+00	0.1859E+00	0.1521E+00	0.1024E+00	0.6515E-01	0.3835E-01	0.2094E-01	0.9137E-02	0.4087E-02	0.2251E-02	0.1685E-02	0.1135E-02	0.6880E-03	0.2408E-03	-.6240E-07	-.6152E-04	-.5635E-04	-.2651E-04	-.1147E-04	-.5465E-05	-.3212E-05	-.2249E-05	-.1748E-05	-.1153E-05	-.8289E-06	-.6402E-06	-.5074E-06
E=300 kev
0.2036E-02	0.1585E-02	0.1141E-02	0.8207E-03	0.4791E-03	0.2971E-03	0.1698E-03	0.9570E-04	0.4571E-04	0.1797E-04	0.2628E-05	-.4746E-05	-.1228E-05	0.1743E-05	0.5412E-06	-.1541E-07	-.9456E-07	-.7741E-07	-.3604E-07	-.1725E-07	-.1088E-07	-.8088E-08	-.6301E-08	-.5019E-08	-.3426E-08	-.2521E-08	-.1936E-08	-.1532E-08
0.2050E-01	0.1620E-01	0.1188E-01	0.8704E-02	0.5190E-02	0.3202E-02	0.1768E-02	0.9153E-03	0.3586E-03	0.7727E-04	-.5452E-04	-.1015E-03	-.1596E-04	0.1844E-04	0.5652E-05	-.1304E-06	-.9063E-06	-.7208E-06	-.3252E-06	-.1529E-06	-.9563E-07	-.7094E-07	-.5521E-07	-.4399E-07	-.3005E-07	-.2212E-07	-.1699E-07	-.1345E-07
0.4170E-01	0.3383E-01	0.2576E-01	0.1957E-01	0.1227E-01	0.7772E-02	0.4401E-02	0.2297E-02	0.8672E-03	0.1418E-03	-.1894E-03	-.2962E-03	-.4765E-04	0.4615E-04	0.1427E-04	-.3598E-06	-.2216E-05	-.1709E-05	-.7507E-06	-.3485E-06	-.2169E-06	-.1609E-06	-.1252E-06	-.9974E-07	-.6810E-07	-.5014E-07	-.3853E-07	-.3049E-07
0.6022E-01	0.5033E-01	0.3993E-01	0.3137E-01	0.2052E-01	0.1339E-01	0.8003E-02	0.4505E-02	0.1956E-02	0.5527E-03	-.1671E-03	-.4630E-03	-.1050E-03	0.8668E-04	0.2744E-04	-.1081E-05	-.4545E-05	-.3434E-05	-.1503E-05	-.7022E-06	-.4389E-06	-.3268E-06	-.2545E-06	-.2026E-06	-.1380E-06	-.1016E-06	-.7808E-07	-.6180E-07
0.8682E-01	0.7455E-01	0.6096E-01	0.4871E-01	0.3154E-01	0.2031E-01	0.1247E-01	0.7629E-02	0.4098E-02	0.1938E-02	0.5642E-03	-.2347E-03	-.2127E-03	0.1469E-03	0.4982E-04	-.3372E-05	-.9557E-05	-.7101E-05	-.3145E-05	-.1485E-05	-.9320E-06	-.6981E-06	-.5449E-06	-.4328E-06	-.2935E-06	-.2158E-06	-.1659E-06	-.1313E-06
0.2387E+00	0.2175E+00	0.1885E+00	0.1541E+00	0.1037E+00	0.6645E-01	0.3906E-01	0.2130E-01	0.9290E-02	0.4158E-02	0.2317E-02	0.1711E-02	0.1157E-02	0.7009E-03	0.2438E-03	-.1158E-05	-.6425E-04	-.5824E-04	-.2752E-04	-.1188E-04	-.5633E-05	-.3216E-05	-.2345E-05	-.1814E-05	-.1195E-05	-.8474E-06	-.6414E-06	-.5125E-06
E=350 kev
0.2103E-02	0.1663E-02	0.1141E-02	0.8171E-03	0.5168E-03	0.2963E-03	0.1697E-03	0.9865E-04	0.4677E-04	0.1835E-04	0.2655E-05	-.4920E-05	-.1260E-05	0.1785E-05	0.5557E-06	-.1658E-07	-.9888E-07	-.8181E-07	-.3827E-07	-.1812E-07	-.1115E-07	-.8268E-08	-.6463E-08	-.5164E-08	-.3514E-08	-.2577E-08	-.1980E-08	-.1567E-08
0.2117E-01	0.1698E-01	0.1191E-01	0.8688E-02	0.5580E-02	0.3195E-02	0.1762E-02	0.9457E-03	0.3663E-03	0.7928E-04	-.5589E-04	-.1056E-03	-.1657E-04	0.1880E-04	0.5801E-05	-.1411E-06	-.9476E-06	-.7608E-06	-.3447E-06	-.1605E-06	-.9800E-07	-.7256E-07	-.5669E-07	-.4529E-07	-.3082E-07	-.2261E-07	-.1737E-07	-.1375E-07
0.4301E-01	0.3537E-01	0.2591E-01	0.1962E-01	0.1308E-01	0.7799E-02	0.4407E-02	0.2370E-02	0.8863E-03	0.1455E-03	-.1939E-03	-.3082E-03	-.4920E-04	0.4725E-04	0.1462E-04	-.3915E-06	-.2317E-05	-.1803E-05	-.7947E-06	-.3662E-06	-.2224E-06	-.1646E-06	-.1286E-06	-.1027E-06	-.6986E-07	-.5127E-07	-.3940E-07	-.3119E-07
0.6205E-01	0.5245E-01	0.4031E-01	0.3161E-01	0.2167E-01	0.1353E-01	0.8071E-02	0.4635E-02	0.2001E-02	0.5652E-03	-.1726E-03	-.4793E-03	-.1082E-03	0.8880E-04	0.2811E-04	-.1161E-05	-.4756E-05	-.3628E-05	-.1595E-05	-.7397E-06	-.4502E-06	-.3341E-06	-.2614E-06	-.2087E-06	-.1416E-06	-.1038E-06	-.7982E-07	-.6320E-07
0.8942E-01	0.7745E-01	0.6172E-01	0.4902E-01	0.3308E-01	0.2064E-01	0.1265E-01	0.7829E-02	0.4190E-02	0.1982E-02	0.5717E-03	-.2446E-03	-.2188E-03	0.1506E-03	0.5109E-04	-.3554E-05	-.1000E-04	-.7508E-05	-.3354E-05	-.1575E-05	-.9574E-06	-.7129E-06	-.5594E-06	-.4460E-06	-.3006E-06	-.2204E-06	-.1695E-06	-.1342E-06
0.2461E+00	0.2250E+00	0.1921E+00	0.1571E+00	0.1074E+00	0.6776E-01	0.3980E-01	0.2183E-01	0.9507E-02	0.4236E-02	0.2345E-02	0.1736E-02	0.1187E-02	0.7173E-03	0.2499E-03	-.1849E-05	-.6656E-04	-.6099E-04	-.2856E-04	-.1231E-04	-.5825E-05	-.3279E-05	-.2351E-05	-.1877E-05	-.1231E-05	-.8605E-06	-.6574E-06	-.5213E-06
E=400 kev
0.2177E-02	0.1715E-02	0.1227E-02	0.8828E-03	0.5149E-03	0.3030E-03	0.1767E-03	0.1007E-03	0.4841E-04	0.1885E-04	0.2674E-05	-.5010E-05	-.1326E-05	0.1851E-05	0.5743E-06	-.1792E-07	-.1040E-06	-.8649E-07	-.4102E-07	-.1923E-07	-.1154E-07	-.8477E-08	-.6660E-08	-.5333E-08	-.3626E-08	-.2649E-08	-.2033E-08	-.1610E-08
0.2191E-01	0.1751E-01	0.1235E-01	0.9349E-02	0.5569E-02	0.3266E-02	0.1838E-02	0.9625E-03	0.3807E-03	0.8178E-04	-.5798E-04	-.1081E-03	-.1724E-04	0.1948E-04	0.5999E-05	-.1536E-06	-.9965E-06	-.8038E-06	-.3689E-06	-.1703E-06	-.1014E-06	-.7441E-07	-.5843E-07	-.4677E-07	-.3180E-07	-.2324E-07	-.1784E-07	-.1413E-07
0.4450E-01	0.3650E-01	0.2648E-01	0.2095E-01	0.1312E-01	0.7975E-02	0.4586E-02	0.2417E-02	0.9197E-03	0.1501E-03	-.2006E-03	-.3160E-03	-.5122E-04	0.4901E-04	0.1512E-04	-.4191E-06	-.2435E-05	-.1904E-05	-.8500E-06	-.3887E-06	-.2300E-06	-.1688E-06	-.1326E-06	-.1061E-06	-.7209E-07	-.5269E-07	-.4046E-07	-.3204E-07
0.6415E-01	0.5412E-01	0.4113E-01	0.3346E-01	0.2187E-01	0.1384E-01	0.8369E-02	0.4742E-02	0.2067E-02	0.5810E-03	-.1792E-03	-.4912E-03	-.1120E-03	0.9187E-04	0.2905E-04	-.1238E-05	-.4992E-05	-.3827E-05	-.1707E-05	-.7872E-06	-.4664E-06	-.3425E-06	-.2695E-06	-.2156E-06	-.1462E-06	-.1067E-06	-.8195E-07	-.6492E-07
0.9239E-01	0.7994E-01	0.6306E-01	0.5152E-01	0.3353E-01	0.2112E-01	0.1309E-01	0.8033E-02	0.4313E-02	0.2034E-02	0.5862E-03	-.2496E-03	-.2245E-03	0.1555E-03	0.5274E-04	-.3769E-05	-.1047E-04	-.7913E-05	-.3593E-05	-.1685E-05	-.9954E-06	-.7301E-06	-.5762E-06	-.4609E-06	-.3109E-06	-.2265E-06	-.1739E-06	-.1378E-06
0.2543E+00	0.2325E+00	0.1963E+00	0.1634E+00	0.1096E+00	0.6953E-01	0.4108E-01	0.2241E-01	0.9788E-02	0.4360E-02	0.2406E-02	0.1797E-02	0.1228E-02	0.7392E-03	0.2565E-03	-.2619E-05	-.6926E-04	-.6298E-04	-.3015E-04	-.1317E-04	-.6185E-05	-.3478E-05	-.2489E-05	-.1956E-05	-.1301E-05	-.8880E-06	-.6797E-06	-.5264E-06
xx 
Nd Z = 60 4d
E= 50 kev
0.1921E-02	0.1634E-02	0.1315E-02	0.9478E-03	0.5645E-03	0.3407E-03	0.2041E-03	0.1193E-03	0.5997E-04	0.2604E-04	0.6293E-05	-.4073E-05	-.2695E-05	0.1541E-05	0.4373E-06	-.1291E-06	-.1628E-06	-.1208E-06	-.6948E-07	-.4227E-07	-.2840E-07	-.2121E-07	-.1670E-07	-.1354E-07	-.9416E-08	-.6922E-08	-.5300E-08	-.4187E-08
0.1987E-01	0.1709E-01	0.1391E-01	0.1019E-01	0.6164E-02	0.3703E-02	0.2141E-02	0.1154E-02	0.4859E-03	0.1390E-03	-.3571E-04	-.1097E-03	-.3256E-04	0.1679E-04	0.4930E-05	-.1148E-05	-.1549E-05	-.1133E-05	-.6403E-06	-.3865E-06	-.2589E-06	-.1934E-06	-.1525E-06	-.1236E-06	-.8602E-07	-.6324E-07	-.4842E-07	-.3826E-07
0.4190E-01	0.3674E-01	0.3064E-01	0.2321E-01	0.1470E-01	0.9109E-02	0.5356E-02	0.2891E-02	0.1172E-02	0.2659E-03	-.1697E-03	-.3389E-03	-.9128E-04	0.4341E-04	0.1333E-04	-.2514E-05	-.3649E-05	-.2632E-05	-.1459E-05	-.8736E-06	-.5829E-06	-.4354E-06	-.3436E-06	-.2786E-06	-.1940E-06	-.1426E-06	-.1092E-06	-.8628E-07
0.6224E-01	0.5573E-01	0.4771E-01	0.3739E-01	0.2468E-01	0.1589E-01	0.9771E-02	0.5624E-02	0.2542E-02	0.8013E-03	-.1213E-03	-.5349E-03	-.1893E-03	0.8345E-04	0.2738E-04	-.4419E-05	-.6861E-05	-.4900E-05	-.2678E-05	-.1596E-05	-.1060E-05	-.7913E-06	-.6250E-06	-.5068E-06	-.3530E-06	-.2596E-06	-.1987E-06	-.1570E-06
0.9097E-01	0.8303E-01	0.7249E-01	0.5762E-01	0.3790E-01	0.2432E-01	0.1528E-01	0.9472E-02	0.5142E-02	0.2474E-02	0.7588E-03	-.2573E-03	-.3559E-03	0.1440E-03	0.5372E-04	-.7463E-05	-.1264E-04	-.8904E-05	-.4795E-05	-.2847E-05	-.1879E-05	-.1401E-05	-.1108E-05	-.8982E-06	-.6256E-06	-.4602E-06	-.3524E-06	-.2784E-06
0.2582E+00	0.2455E+00	0.2253E+00	0.1885E+00	0.1293E+00	0.8359E-01	0.5031E-01	0.2815E-01	0.1270E-01	0.5777E-02	0.3099E-02	0.2170E-02	0.1364E-02	0.8544E-03	0.3280E-03	0.2074E-04	-.6652E-04	-.6567E-04	-.3024E-04	-.1395E-04	-.6994E-05	-.4259E-05	-.3133E-05	-.2549E-05	-.1937E-05	-.1432E-05	-.1093E-05	-.8622E-06
E=100 kev
0.1688E-02	0.1333E-02	0.1065E-02	0.7768E-03	0.4587E-03	0.2787E-03	0.1655E-03	0.9895E-04	0.4859E-04	0.2095E-04	0.4840E-05	-.3625E-05	-.2283E-05	0.1321E-05	0.4011E-06	-.1064E-06	-.1491E-06	-.1087E-06	-.5637E-07	-.3486E-07	-.2360E-07	-.1737E-07	-.1352E-07	-.1093E-07	-.7616E-08	-.5605E-08	-.4294E-08	-.3393E-08
0.1741E-01	0.1397E-01	0.1128E-01	0.8346E-02	0.5013E-02	0.3030E-02	0.1735E-02	0.9609E-03	0.3903E-03	0.1091E-03	-.3340E-04	-.9351E-04	-.2752E-04	0.1434E-04	0.4450E-05	-.9536E-06	-.1427E-05	-.1028E-05	-.5224E-06	-.3189E-06	-.2154E-06	-.1585E-06	-.1235E-06	-.9988E-07	-.6960E-07	-.5123E-07	-.3925E-07	-.3102E-07
0.3648E-01	0.3012E-01	0.2491E-01	0.1901E-01	0.1197E-01	0.7456E-02	0.4348E-02	0.2400E-02	0.9342E-03	0.2066E-03	-.1494E-03	-.2867E-03	-.7688E-04	0.3700E-04	0.1190E-04	-.2102E-05	-.3376E-05	-.2408E-05	-.1195E-05	-.7213E-06	-.4853E-06	-.3570E-06	-.2783E-06	-.2252E-06	-.1570E-06	-.1156E-06	-.8854E-07	-.6997E-07
0.5379E-01	0.4579E-01	0.3888E-01	0.3063E-01	0.2015E-01	0.1302E-01	0.7963E-02	0.4650E-02	0.2054E-02	0.6407E-03	-.1137E-03	-.4518E-03	-.1587E-03	0.7106E-04	0.2431E-04	-.3680E-05	-.6361E-05	-.4505E-05	-.2201E-05	-.1318E-05	-.8834E-06	-.6493E-06	-.5061E-06	-.4095E-06	-.2855E-06	-.2102E-06	-.1611E-06	-.1273E-06
0.7814E-01	0.6845E-01	0.5922E-01	0.4722E-01	0.3103E-01	0.1999E-01	0.1253E-01	0.7832E-02	0.4225E-02	0.2029E-02	0.6207E-03	-.2182E-03	-.2960E-03	0.1226E-03	0.4754E-04	-.6136E-05	-.1170E-04	-.8232E-05	-.3942E-05	-.2351E-05	-.1570E-05	-.1150E-05	-.8957E-06	-.7247E-06	-.5055E-06	-.3722E-06	-.2852E-06	-.2254E-06
0.2241E+00	0.2085E+00	0.1889E+00	0.1564E+00	0.1066E+00	0.6890E-01	0.4140E-01	0.2324E-01	0.1045E-01	0.4719E-02	0.2534E-02	0.1780E-02	0.1157E-02	0.7234E-03	0.2772E-03	0.1547E-04	-.6074E-04	-.5972E-04	-.2830E-04	-.1359E-04	-.7019E-05	-.4056E-05	-.2731E-05	-.2112E-05	-.1519E-05	-.1140E-05	-.8817E-06	-.6984E-06
E=150 kev
0.1628E-02	0.1226E-02	0.1017E-02	0.7094E-03	0.4331E-03	0.2605E-03	0.1542E-03	0.9104E-04	0.4607E-04	0.1966E-04	0.4406E-05	-.3458E-05	-.2164E-05	0.1256E-05	0.3875E-06	-.1033E-06	-.1501E-06	-.1113E-06	-.5437E-07	-.3223E-07	-.2209E-07	-.1641E-07	-.1266E-07	-.1017E-07	-.7057E-08	-.5202E-08	-.3988E-08	-.3151E-08
0.1677E-01	0.1288E-01	0.1076E-01	0.7637E-02	0.4730E-02	0.2831E-02	0.1614E-02	0.8802E-03	0.3751E-03	0.1035E-03	-.3269E-04	-.8840E-04	-.2608E-04	0.1363E-04	0.4286E-05	-.9288E-06	-.1434E-05	-.1052E-05	-.5035E-06	-.2953E-06	-.2017E-06	-.1498E-06	-.1156E-06	-.9296E-07	-.6451E-07	-.4756E-07	-.3646E-07	-.2881E-07
0.3507E-01	0.2786E-01	0.2366E-01	0.1746E-01	0.1128E-01	0.6969E-02	0.4049E-02	0.2206E-02	0.8960E-03	0.1958E-03	-.1431E-03	-.2706E-03	-.7273E-04	0.3516E-04	0.1143E-04	-.2052E-05	-.3391E-05	-.2462E-05	-.1154E-05	-.6685E-06	-.4547E-06	-.3378E-06	-.2608E-06	-.2096E-06	-.1455E-06	-.1073E-06	-.8226E-07	-.6501E-07
0.5156E-01	0.4247E-01	0.3680E-01	0.2826E-01	0.1894E-01	0.1218E-01	0.7427E-02	0.4303E-02	0.1944E-02	0.6007E-03	-.1108E-03	-.4260E-03	-.1498E-03	0.6745E-04	0.2331E-04	-.3601E-05	-.6387E-05	-.4614E-05	-.2130E-05	-.1222E-05	-.8283E-06	-.6152E-06	-.4745E-06	-.3812E-06	-.2646E-06	-.1951E-06	-.1496E-06	-.1183E-06
0.7474E-01	0.6369E-01	0.5588E-01	0.4371E-01	0.2914E-01	0.1871E-01	0.1172E-01	0.7302E-02	0.3959E-02	0.1903E-02	0.5822E-03	-.2045E-03	-.2785E-03	0.1162E-03	0.4549E-04	-.5998E-05	-.1174E-04	-.8454E-05	-.3843E-05	-.2178E-05	-.1471E-05	-.1092E-05	-.8403E-06	-.6743E-06	-.4678E-06	-.3452E-06	-.2647E-06	-.2092E-06
0.2148E+00	0.1968E+00	0.1784E+00	0.1458E+00	0.9961E-01	0.6430E-01	0.3865E-01	0.2167E-01	0.9766E-02	0.4440E-02	0.2385E-02	0.1680E-02	0.1095E-02	0.6833E-03	0.2608E-03	0.1298E-04	-.5923E-04	-.5937E-04	-.2825E-04	-.1285E-04	-.6420E-05	-.3879E-05	-.2652E-05	-.2100E-05	-.1413E-05	-.1047E-05	-.8069E-06	-.6460E-06
E=200 kev
0.1632E-02	0.1211E-02	0.9794E-03	0.7165E-03	0.4161E-03	0.2537E-03	0.1524E-03	0.8936E-04	0.4458E-04	0.1932E-04	0.4233E-05	-.3511E-05	-.2138E-05	0.1237E-05	0.3858E-06	-.1046E-06	-.1557E-06	-.1169E-06	-.5615E-07	-.3139E-07	-.2172E-07	-.1616E-07	-.1253E-07	-.9964E-08	-.6884E-08	-.5073E-08	-.3893E-08	-.3078E-08
0.1680E-01	0.1272E-01	0.1037E-01	0.7695E-02	0.4548E-02	0.2757E-02	0.1596E-02	0.8644E-03	0.3588E-03	0.1023E-03	-.3296E-04	-.8780E-04	-.2573E-04	0.1341E-04	0.4263E-05	-.9422E-06	-.1487E-05	-.1103E-05	-.5198E-06	-.2879E-06	-.1985E-06	-.1472E-06	-.1145E-06	-.9107E-07	-.6294E-07	-.4639E-07	-.3560E-07	-.2815E-07
0.3508E-01	0.2749E-01	0.2289E-01	0.1751E-01	0.1089E-01	0.6796E-02	0.3999E-02	0.2166E-02	0.8582E-03	0.1937E-03	-.1428E-03	-.2679E-03	-.7169E-04	0.3459E-04	0.1136E-04	-.2088E-05	-.3510E-05	-.2576E-05	-.1191E-05	-.6525E-06	-.4481E-06	-.3322E-06	-.2581E-06	-.2054E-06	-.1420E-06	-.1047E-06	-.8033E-07	-.6351E-07
0.5144E-01	0.4187E-01	0.3571E-01	0.2819E-01	0.1837E-01	0.1190E-01	0.7324E-02	0.4224E-02	0.1885E-02	0.5895E-03	-.1125E-03	-.4227E-03	-.1475E-03	0.6642E-04	0.2314E-04	-.3665E-05	-.6606E-05	-.4826E-05	-.2205E-05	-.1193E-05	-.8167E-06	-.6060E-06	-.4697E-06	-.3735E-06	-.2581E-06	-.1903E-06	-.1461E-06	-.1155E-06
0.7442E-01	0.6276E-01	0.5439E-01	0.4344E-01	0.2838E-01	0.1832E-01	0.1154E-01	0.7178E-02	0.3885E-02	0.1864E-02	0.5680E-03	-.2088E-03	-.2740E-03	0.1146E-03	0.4511E-04	-.6114E-05	-.1213E-04	-.8858E-05	-.4004E-05	-.2129E-05	-.1451E-05	-.1077E-05	-.8324E-06	-.6606E-06	-.4560E-06	-.3364E-06	-.2583E-06	-.2042E-06
0.2144E+00	0.1950E+00	0.1752E+00	0.1440E+00	0.9753E-01	0.6302E-01	0.3798E-01	0.2126E-01	0.9588E-02	0.4316E-02	0.2336E-02	0.1626E-02	0.1081E-02	0.6733E-03	0.2580E-03	0.1169E-04	-.6089E-04	-.5984E-04	-.2887E-04	-.1312E-04	-.6439E-05	-.3812E-05	-.2702E-05	-.2099E-05	-.1437E-05	-.1019E-05	-.7962E-06	-.6295E-06
E=250 kev
0.1661E-02	0.1264E-02	0.9696E-03	0.7060E-03	0.4226E-03	0.2559E-03	0.1521E-03	0.8961E-04	0.4458E-04	0.1908E-04	0.4203E-05	-.3519E-05	-.2143E-05	0.1250E-05	0.3906E-06	-.1083E-06	-.1627E-06	-.1243E-06	-.5962E-07	-.3189E-07	-.2156E-07	-.1616E-07	-.1266E-07	-.1007E-07	-.6887E-08	-.5071E-08	-.3892E-08	-.3078E-08
0.1711E-01	0.1323E-01	0.1027E-01	0.7592E-02	0.4619E-02	0.2781E-02	0.1592E-02	0.8657E-03	0.3575E-03	0.9743E-04	-.3389E-04	-.8877E-04	-.2584E-04	0.1356E-04	0.4308E-05	-.9757E-06	-.1552E-05	-.1171E-05	-.5520E-06	-.2926E-06	-.1973E-06	-.1477E-06	-.1158E-06	-.9208E-07	-.6298E-07	-.4637E-07	-.3560E-07	-.2816E-07
0.3569E-01	0.2844E-01	0.2271E-01	0.1733E-01	0.1103E-01	0.6850E-02	0.3993E-02	0.2169E-02	0.8558E-03	0.1825E-03	-.1451E-03	-.2705E-03	-.7202E-04	0.3497E-04	0.1149E-04	-.2166E-05	-.3664E-05	-.2734E-05	-.1266E-05	-.6637E-06	-.4455E-06	-.3333E-06	-.2613E-06	-.2078E-06	-.1421E-06	-.1046E-06	-.8033E-07	-.6355E-07
0.5226E-01	0.4307E-01	0.3554E-01	0.2799E-01	0.1857E-01	0.1198E-01	0.7326E-02	0.4236E-02	0.1886E-02	0.5805E-03	-.1156E-03	-.4274E-03	-.1483E-03	0.6707E-04	0.2341E-04	-.3804E-05	-.6887E-05	-.5118E-05	-.2346E-05	-.1216E-05	-.8116E-06	-.6066E-06	-.4760E-06	-.3780E-06	-.2583E-06	-.1902E-06	-.1461E-06	-.1156E-06
0.7549E-01	0.6421E-01	0.5422E-01	0.4325E-01	0.2863E-01	0.1844E-01	0.1157E-01	0.7205E-02	0.3902E-02	0.1874E-02	0.5674E-03	-.2067E-03	-.2760E-03	0.1156E-03	0.4561E-04	-.6352E-05	-.1263E-04	-.9386E-05	-.4275E-05	-.2177E-05	-.1440E-05	-.1075E-05	-.8445E-06	-.6693E-06	-.4562E-06	-.3360E-06	-.2581E-06	-.2042E-06
0.2177E+00	0.1984E+00	0.1758E+00	0.1441E+00	0.9798E-01	0.6327E-01	0.3805E-01	0.2132E-01	0.9613E-02	0.4356E-02	0.2342E-02	0.1666E-02	0.1083E-02	0.6744E-03	0.2573E-03	0.9714E-05	-.6309E-04	-.6129E-04	-.2926E-04	-.1330E-04	-.6829E-05	-.4136E-05	-.2875E-05	-.2146E-05	-.1434E-05	-.1036E-05	-.7915E-06	-.6249E-06
E=300 kev
0.1703E-02	0.1345E-02	0.9781E-03	0.7092E-03	0.4209E-03	0.2654E-03	0.1562E-03	0.9099E-04	0.4557E-04	0.1944E-04	0.4260E-05	-.3650E-05	-.2186E-05	0.1279E-05	0.3989E-06	-.1131E-06	-.1708E-06	-.1322E-06	-.6394E-07	-.3319E-07	-.2186E-07	-.1649E-07	-.1293E-07	-.1030E-07	-.7003E-08	-.5134E-08	-.3943E-08	-.3119E-08
0.1753E-01	0.1402E-01	0.1037E-01	0.7631E-02	0.4606E-02	0.2884E-02	0.1636E-02	0.8784E-03	0.3676E-03	0.9905E-04	-.3486E-04	-.8969E-04	-.2626E-04	0.1388E-04	0.4412E-05	-.1020E-05	-.1629E-05	-.1244E-05	-.5916E-06	-.3046E-06	-.1998E-06	-.1508E-06	-.1182E-06	-.9420E-07	-.6407E-07	-.4696E-07	-.3607E-07	-.2854E-07
0.3658E-01	0.2996E-01	0.2293E-01	0.1745E-01	0.1104E-01	0.7078E-02	0.4098E-02	0.2202E-02	0.8792E-03	0.1854E-03	-.1487E-03	-.2733E-03	-.7321E-04	0.3577E-04	0.1176E-04	-.2263E-05	-.3842E-05	-.2901E-05	-.1356E-05	-.6915E-06	-.4513E-06	-.3405E-06	-.2670E-06	-.2127E-06	-.1445E-06	-.1060E-06	-.8140E-07	-.6441E-07
0.5353E-01	0.4508E-01	0.3589E-01	0.2825E-01	0.1866E-01	0.1233E-01	0.7499E-02	0.4304E-02	0.1928E-02	0.5901E-03	-.1182E-03	-.4312E-03	-.1509E-03	0.6858E-04	0.2393E-04	-.3977E-05	-.7218E-05	-.5427E-05	-.2516E-05	-.1269E-05	-.8225E-06	-.6203E-06	-.4864E-06	-.3872E-06	-.2626E-06	-.1926E-06	-.1480E-06	-.1171E-06
0.7729E-01	0.6679E-01	0.5480E-01	0.4371E-01	0.2885E-01	0.1890E-01	0.1182E-01	0.7329E-02	0.3971E-02	0.1906E-02	0.5810E-03	-.2078E-03	-.2807E-03	0.1179E-03	0.4655E-04	-.6649E-05	-.1322E-04	-.9939E-05	-.4592E-05	-.2284E-05	-.1460E-05	-.1100E-05	-.8633E-06	-.6861E-06	-.4638E-06	-.3401E-06	-.2614E-06	-.2069E-06
0.2230E+00	0.2044E+00	0.1781E+00	0.1460E+00	0.9919E-01	0.6452E-01	0.3876E-01	0.2168E-01	0.9767E-02	0.4425E-02	0.2416E-02	0.1680E-02	0.1101E-02	0.6855E-03	0.2590E-03	0.7714E-05	-.6516E-04	-.6340E-04	-.3051E-04	-.1404E-04	-.6969E-05	-.4145E-05	-.2943E-05	-.2278E-05	-.1487E-05	-.1047E-05	-.7989E-06	-.6349E-06
E=350 kev
0.1759E-02	0.1410E-02	0.9807E-03	0.7081E-03	0.4523E-03	0.2654E-03	0.1565E-03	0.9373E-04	0.4664E-04	0.1986E-04	0.4330E-05	-.3795E-05	-.2243E-05	0.1308E-05	0.4106E-06	-.1180E-06	-.1791E-06	-.1402E-06	-.6858E-07	-.3504E-07	-.2239E-07	-.1686E-07	-.1323E-07	-.1059E-07	-.7150E-08	-.5239E-08	-.4024E-08	-.3182E-08
0.1810E-01	0.1469E-01	0.1041E-01	0.7635E-02	0.4938E-02	0.2883E-02	0.1635E-02	0.9068E-03	0.3758E-03	0.1017E-03	-.3572E-04	-.9348E-04	-.2693E-04	0.1419E-04	0.4522E-05	-.1064E-05	-.1707E-05	-.1318E-05	-.6341E-06	-.3217E-06	-.2049E-06	-.1541E-06	-.1211E-06	-.9689E-07	-.6539E-07	-.4794E-07	-.3682E-07	-.2912E-07
0.3772E-01	0.3130E-01	0.2308E-01	0.1753E-01	0.1174E-01	0.7113E-02	0.4111E-02	0.2271E-02	0.8988E-03	0.1902E-03	-.1523E-03	-.2842E-03	-.7507E-04	0.3658E-04	0.1207E-04	-.2360E-05	-.4024E-05	-.3072E-05	-.1453E-05	-.7309E-06	-.4630E-06	-.3476E-06	-.2735E-06	-.2188E-06	-.1475E-06	-.1082E-06	-.8310E-07	-.6573E-07
0.5516E-01	0.4695E-01	0.3625E-01	0.2850E-01	0.1968E-01	0.1246E-01	0.7570E-02	0.4427E-02	0.1973E-02	0.6040E-03	-.1225E-03	-.4472E-03	-.1548E-03	0.7019E-04	0.2450E-04	-.4143E-05	-.7562E-05	-.5745E-05	-.2697E-05	-.1344E-05	-.8443E-06	-.6329E-06	-.4983E-06	-.3984E-06	-.2682E-06	-.1966E-06	-.1511E-06	-.1195E-06
0.7960E-01	0.6936E-01	0.5551E-01	0.4427E-01	0.3022E-01	0.1921E-01	0.1199E-01	0.7522E-02	0.4068E-02	0.1951E-02	0.5928E-03	-.2182E-03	-.2884E-03	0.1209E-03	0.4775E-04	-.6910E-05	-.1385E-04	-.1052E-04	-.4932E-05	-.2430E-05	-.1501E-05	-.1122E-05	-.8839E-06	-.7063E-06	-.4734E-06	-.3470E-06	-.2667E-06	-.2110E-06
0.2300E+00	0.2114E+00	0.1815E+00	0.1490E+00	0.1026E+00	0.6581E-01	0.3951E-01	0.2223E-01	0.9996E-02	0.4519E-02	0.2424E-02	0.1708E-02	0.1131E-02	0.7021E-03	0.2669E-03	0.8039E-05	-.6755E-04	-.6585E-04	-.3195E-04	-.1457E-04	-.7234E-05	-.4250E-05	-.3055E-05	-.2334E-05	-.1536E-05	-.1076E-05	-.8102E-06	-.6435E-06
E=400 kev
0.1821E-02	0.1456E-02	0.1053E-02	0.7626E-03	0.4516E-03	0.2717E-03	0.1628E-03	0.9578E-04	0.4822E-04	0.2040E-04	0.4402E-05	-.3847E-05	-.2345E-05	0.1349E-05	0.4209E-06	-.1237E-06	-.1882E-06	-.1485E-06	-.7364E-07	-.3735E-07	-.2318E-07	-.1719E-07	-.1365E-07	-.1092E-07	-.7392E-08	-.5378E-08	-.4124E-08	-.3267E-08
0.1874E-01	0.1517E-01	0.1058E-01	0.8196E-02	0.4936E-02	0.2951E-02	0.1703E-02	0.9242E-03	0.3898E-03	0.1047E-03	-.3720E-04	-.9569E-04	-.2822E-04	0.1475E-04	0.4654E-05	-.1117E-05	-.1792E-05	-.1395E-05	-.6801E-06	-.3431E-06	-.2122E-06	-.1573E-06	-.1249E-06	-.9993E-07	-.6762E-07	-.4921E-07	-.3774E-07	-.2989E-07
0.3902E-01	0.3233E-01	0.2342E-01	0.1869E-01	0.1179E-01	0.7280E-02	0.4274E-02	0.2317E-02	0.9316E-03	0.1962E-03	-.1577E-03	-.2913E-03	-.7838E-04	0.3800E-04	0.1240E-04	-.2482E-05	-.4224E-05	-.3247E-05	-.1558E-05	-.7802E-06	-.4798E-06	-.3554E-06	-.2817E-06	-.2257E-06	-.1526E-06	-.1111E-06	-.8518E-07	-.6748E-07
0.5702E-01	0.4849E-01	0.3682E-01	0.3014E-01	0.1987E-01	0.1276E-01	0.7846E-02	0.4530E-02	0.2037E-02	0.6212E-03	-.1277E-03	-.4585E-03	-.1606E-03	0.7274E-04	0.2527E-04	-.4364E-05	-.7924E-05	-.6067E-05	-.2892E-05	-.1438E-05	-.8765E-06	-.6473E-06	-.5128E-06	-.4111E-06	-.2776E-06	-.2019E-06	-.1548E-06	-.1227E-06
0.8225E-01	0.7163E-01	0.5648E-01	0.4649E-01	0.3062E-01	0.1966E-01	0.1240E-01	0.7716E-02	0.4187E-02	0.2003E-02	0.6044E-03	-.2227E-03	-.2966E-03	0.1248E-03	0.4917E-04	-.7281E-05	-.1448E-04	-.1109E-04	-.5289E-05	-.2605E-05	-.1563E-05	-.1147E-05	-.9091E-06	-.7289E-06	-.4906E-06	-.3562E-06	-.2733E-06	-.2166E-06
0.2376E+00	0.2185E+00	0.1857E+00	0.1548E+00	0.1048E+00	0.6756E-01	0.4076E-01	0.2282E-01	0.1029E-01	0.4642E-02	0.2493E-02	0.1769E-02	0.1169E-02	0.7218E-03	0.2726E-03	0.6839E-05	-.7031E-04	-.6888E-04	-.3356E-04	-.1553E-04	-.7682E-05	-.4444E-05	-.3124E-05	-.2384E-05	-.1584E-05	-.1105E-05	-.8257E-06	-.6620E-06
xx 
